_id,material_id,Al,Sc,Ti,Cr,Mn,Fe,Co,Ni,Cu,Zn,Ga,Sr,Y,Zr,Nb,Sn,La,Ce,Pr,Nd,Sm,Eu,Gd,Tb,Ho,Yb,Lu,Hf,Bi,Pm,Sbet,calcination_temp,calcination_time,single_phase_binary,n_dopants,dopant_1_element_fraction,dopant_1_atomic_radius,dopant_1_electronegativity_pauling,dopant_1_protons,dopant_1_can_be_1,dopant_1_can_be_2,dopant_1_can_be_3,dopant_1_can_be_4,dopant_1_can_be_5,dopant_1_can_be_6,dopant_1_can_be_7,dopant_1_first_ionisation_energy,dopant_2_element_fraction,dopant_2_atomic_radius,dopant_2_electronegativity_pauling,dopant_2_protons,dopant_2_can_be_1,dopant_2_can_be_2,dopant_2_can_be_3,dopant_2_can_be_4,dopant_2_can_be_5,dopant_2_can_be_6,dopant_2_can_be_7,dopant_2_first_ionisation_energy,dopant_3_element_fraction,dopant_3_atomic_radius,dopant_3_electronegativity_pauling,dopant_3_protons,dopant_3_can_be_1,dopant_3_can_be_2,dopant_3_can_be_3,dopant_3_can_be_4,dopant_3_can_be_5,dopant_3_can_be_6,dopant_3_can_be_7,dopant_3_first_ionisation_energy,value_O_umol_per_g_catalyst
697cc9cbe3e5fca0f86701f7,697cc9cbe3e5fca0f86701f7,0.0,0.0,0.0,0.0,0.05,0.0,0.0,0.0,0.0,0.0,0.0,0.0,0.0,0.0,0.0,0.0,0.0,0.95,0.0,0.0,0.0,0.0,0.0,0.0,0.0,0.0,0.0,0.0,0.0,0.0,39.0,650.0,0.5,1,1,0.05,140.0,1.55,25.0,0.0,1.0,0.0,1.0,0.0,0.0,1.0,7.434038,0.0,0.0,0.0,0.0,0.0,0.0,0.0,0.0,0.0,0.0,0.0,0.0,0.0,0.0,0.0,0.0,0.0,0.0,0.0,0.0,0.0,0.0,0.0,0.0,620.0
697cc9cc0afa50114e1a5d02,697cc9cc0afa50114e1a5d02,0.0,0.0,0.0,0.0,0.15,0.0,0.0,0.0,0.0,0.0,0.0,0.0,0.0,0.0,0.0,0.0,0.0,0.85,0.0,0.0,0.0,0.0,0.0,0.0,0.0,0.0,0.0,0.0,0.0,0.0,41.0,650.0,0.5,1,1,0.15,140.0,1.55,25.0,0.0,1.0,0.0,1.0,0.0,0.0,1.0,7.434038,0.0,0.0,0.0,0.0,0.0,0.0,0.0,0.0,0.0,0.0,0.0,0.0,0.0,0.0,0.0,0.0,0.0,0.0,0.0,0.0,0.0,0.0,0.0,0.0,1140.0
697cc9ccc4a6816321539c5f,697cc9ccc4a6816321539c5f,0.0,0.0,0.0,0.0,0.45,0.0,0.0,0.0,0.0,0.0,0.0,0.0,0.0,0.0,0.0,0.0,0.0,0.55,0.0,0.0,0.0,0.0,0.0,0.0,0.0,0.0,0.0,0.0,0.0,0.0,16.0,650.0,0.5,0,1,0.45,140.0,1.55,25.0,0.0,1.0,0.0,1.0,0.0,0.0,1.0,7.434038,0.0,0.0,0.0,0.0,0.0,0.0,0.0,0.0,0.0,0.0,0.0,0.0,0.0,0.0,0.0,0.0,0.0,0.0,0.0,0.0,0.0,0.0,0.0,0.0,3960.0
697cc9ccc4a6816321539c60,697cc9ccc4a6816321539c60,0.0,0.0,0.0,0.0,0.025,0.0,0.0,0.0,0.025,0.0,0.0,0.0,0.0,0.0,0.0,0.0,0.0,0.95,0.0,0.0,0.0,0.0,0.0,0.0,0.0,0.0,0.0,0.0,0.0,0.0,8.0,650.0,0.5,1,2,0.025,135.0,1.9,29.0,0.0,1.0,0.0,0.0,0.0,0.0,0.0,7.72638,0.025,140.0,1.55,25.0,0.0,1.0,0.0,1.0,0.0,0.0,1.0,7.434038,0.0,0.0,0.0,0.0,0.0,0.0,0.0,0.0,0.0,0.0,0.0,0.0,610.0
697cc9cde3e5fca0f86701f9,697cc9cde3e5fca0f86701f9,0.0,0.0,0.0,0.0,0.075,0.0,0.0,0.0,0.075,0.0,0.0,0.0,0.0,0.0,0.0,0.0,0.0,0.85,0.0,0.0,0.0,0.0,0.0,0.0,0.0,0.0,0.0,0.0,0.0,0.0,38.0,650.0,0.5,1,2,0.075,135.0,1.9,29.0,0.0,1.0,0.0,0.0,0.0,0.0,0.0,7.72638,0.075,140.0,1.55,25.0,0.0,1.0,0.0,1.0,0.0,0.0,1.0,7.434038,0.0,0.0,0.0,0.0,0.0,0.0,0.0,0.0,0.0,0.0,0.0,0.0,1190.0
697cc9cde3e5fca0f86701fa,697cc9cde3e5fca0f86701fa,0.0,0.0,0.0,0.0,0.225,0.0,0.0,0.0,0.225,0.0,0.0,0.0,0.0,0.0,0.0,0.0,0.0,0.55,0.0,0.0,0.0,0.0,0.0,0.0,0.0,0.0,0.0,0.0,0.0,0.0,18.0,650.0,0.5,0,2,0.225,135.0,1.9,29.0,0.0,1.0,0.0,0.0,0.0,0.0,0.0,7.72638,0.225,140.0,1.55,25.0,0.0,1.0,0.0,1.0,0.0,0.0,1.0,7.434038,0.0,0.0,0.0,0.0,0.0,0.0,0.0,0.0,0.0,0.0,0.0,0.0,3960.0
69b7d4e89605ebc57c75305f,69b7d4e89605ebc57c75305f,0.0,0.0,0.0,0.0,0.0,0.0,0.0,0.0,0.0,0.0,0.0,0.0,0.0,0.0,0.0,0.0,0.0,0.801,0.199,0.0,0.0,0.0,0.0,0.0,0.0,0.0,0.0,0.0,0.0,0.0,193.8,300.0,4.0,1,1,0.199,185.0,1.13,59.0,0.0,0.0,1.0,0.0,0.0,0.0,0.0,5.4702,0.0,0.0,0.0,0.0,0.0,0.0,0.0,0.0,0.0,0.0,0.0,0.0,0.0,0.0,0.0,0.0,0.0,0.0,0.0,0.0,0.0,0.0,0.0,0.0,427.0
69b7d4e99605ebc57c753061,69b7d4e99605ebc57c753061,0.0,0.0,0.0,0.0,0.0,0.0,0.0,0.0,0.0,0.0,0.0,0.0,0.0,0.0,0.0,0.0,0.0,0.804,0.0,0.196,0.0,0.0,0.0,0.0,0.0,0.0,0.0,0.0,0.0,0.0,191.5,300.0,4.0,1,1,0.196,185.0,1.14,60.0,0.0,0.0,1.0,0.0,0.0,0.0,0.0,5.525,0.0,0.0,0.0,0.0,0.0,0.0,0.0,0.0,0.0,0.0,0.0,0.0,0.0,0.0,0.0,0.0,0.0,0.0,0.0,0.0,0.0,0.0,0.0,0.0,405.0
69b7d4ea9605ebc57c753065,69b7d4ea9605ebc57c753065,0.0,0.0,0.0,0.0,0.0,0.0,0.0,0.0,0.0,0.0,0.0,0.0,0.0,0.0,0.0,0.0,0.0,1.0,0.0,0.0,0.0,0.0,0.0,0.0,0.0,0.0,0.0,0.0,0.0,0.0,184.3,300.0,4.0,1,0,0.0,0.0,0.0,0.0,0.0,0.0,0.0,0.0,0.0,0.0,0.0,0.0,0.0,0.0,0.0,0.0,0.0,0.0,0.0,0.0,0.0,0.0,0.0,0.0,0.0,0.0,0.0,0.0,0.0,0.0,0.0,0.0,0.0,0.0,0.0,0.0,90.0
69b7d50a9605ebc57c7530c7,69b7d50a9605ebc57c7530c7,0.0,0.0,0.0,0.0,0.0,0.0,0.0,0.0,0.0,0.0,0.0,0.0,0.0,0.0,0.0,0.0,0.0,0.9,0.0,0.0,0.0,0.0,0.1,0.0,0.0,0.0,0.0,0.0,0.0,0.0,58.0,500.0,5.0,1,1,0.1,180.0,1.2,64.0,0.0,0.0,1.0,0.0,0.0,0.0,0.0,6.1498,0.0,0.0,0.0,0.0,0.0,0.0,0.0,0.0,0.0,0.0,0.0,0.0,0.0,0.0,0.0,0.0,0.0,0.0,0.0,0.0,0.0,0.0,0.0,0.0,223.0
69b7d50b9605ebc57c7530cb,69b7d50b9605ebc57c7530cb,0.0,0.0,0.0,0.0,0.0,0.0,0.0,0.0,0.0,0.0,0.0,0.0,0.0,0.0,0.0,0.0,0.0,0.8,0.0,0.0,0.0,0.0,0.2,0.0,0.0,0.0,0.0,0.0,0.0,0.0,58.0,500.0,5.0,1,1,0.2,180.0,1.2,64.0,0.0,0.0,1.0,0.0,0.0,0.0,0.0,6.1498,0.0,0.0,0.0,0.0,0.0,0.0,0.0,0.0,0.0,0.0,0.0,0.0,0.0,0.0,0.0,0.0,0.0,0.0,0.0,0.0,0.0,0.0,0.0,0.0,269.0
69b7d5139605ebc57c7530e1,69b7d5139605ebc57c7530e1,0.0,0.0,0.0,0.0,0.0,0.0,0.0,0.0,0.0,0.0,0.0,0.0,0.0,0.0,0.0,0.0,0.0,0.8,0.0,0.0,0.0,0.0,0.0,0.0,0.0,0.0,0.0,0.2,0.0,0.0,78.0,500.0,5.0,1,1,0.2,155.0,1.3,72.0,0.0,0.0,0.0,1.0,0.0,0.0,0.0,6.82507,0.0,0.0,0.0,0.0,0.0,0.0,0.0,0.0,0.0,0.0,0.0,0.0,0.0,0.0,0.0,0.0,0.0,0.0,0.0,0.0,0.0,0.0,0.0,0.0,1057.0
69b7d5139605ebc57c7530e3,69b7d5139605ebc57c7530e3,0.0,0.0,0.0,0.0,0.0,0.0,0.0,0.0,0.0,0.0,0.0,0.0,0.0,0.5,0.0,0.0,0.0,0.5,0.0,0.0,0.0,0.0,0.0,0.0,0.0,0.0,0.0,0.0,0.0,0.0,78.0,500.0,5.0,0,1,0.5,155.0,1.33,40.0,0.0,0.0,0.0,1.0,0.0,0.0,0.0,6.634126,0.0,0.0,0.0,0.0,0.0,0.0,0.0,0.0,0.0,0.0,0.0,0.0,0.0,0.0,0.0,0.0,0.0,0.0,0.0,0.0,0.0,0.0,0.0,0.0,1083.0
69b7d5219605ebc57c75310d,69b7d5219605ebc57c75310d,0.0,0.0,0.0,0.0,0.0,0.0,0.0,0.0,0.0,0.0,0.0,0.0,0.0,0.0,0.0,0.0,0.0,0.8,0.2,0.0,0.0,0.0,0.0,0.0,0.0,0.0,0.0,0.0,0.0,0.0,72.0,500.0,5.0,1,1,0.2,185.0,1.13,59.0,0.0,0.0,1.0,0.0,0.0,0.0,0.0,5.4702,0.0,0.0,0.0,0.0,0.0,0.0,0.0,0.0,0.0,0.0,0.0,0.0,0.0,0.0,0.0,0.0,0.0,0.0,0.0,0.0,0.0,0.0,0.0,0.0,336.0
69b7d5229605ebc57c75310f,69b7d5229605ebc57c75310f,0.0,0.0,0.0,0.0,0.0,0.0,0.0,0.0,0.0,0.0,0.0,0.0,0.0,0.0,0.0,0.0,0.0,0.8,0.0,0.0,0.0,0.0,0.0,0.2,0.0,0.0,0.0,0.0,0.0,0.0,85.0,500.0,5.0,1,1,0.2,175.0,1.21,65.0,0.0,0.0,1.0,0.0,0.0,0.0,0.0,5.8638,0.0,0.0,0.0,0.0,0.0,0.0,0.0,0.0,0.0,0.0,0.0,0.0,0.0,0.0,0.0,0.0,0.0,0.0,0.0,0.0,0.0,0.0,0.0,0.0,347.0
69b7d5229605ebc57c753111,69b7d5229605ebc57c753111,0.0,0.0,0.0,0.0,0.0,0.0,0.0,0.0,0.0,0.0,0.0,0.0,0.0,0.0,0.0,0.0,0.0,0.8,0.0,0.0,0.0,0.0,0.0,0.0,0.0,0.0,0.0,0.2,0.0,0.0,78.0,500.0,5.0,1,1,0.2,155.0,1.3,72.0,0.0,0.0,0.0,1.0,0.0,0.0,0.0,6.82507,0.0,0.0,0.0,0.0,0.0,0.0,0.0,0.0,0.0,0.0,0.0,0.0,0.0,0.0,0.0,0.0,0.0,0.0,0.0,0.0,0.0,0.0,0.0,0.0,380.0
69b7d5239605ebc57c753113,69b7d5239605ebc57c753113,0.0,0.0,0.0,0.0,0.0,0.0,0.0,0.0,0.0,0.0,0.0,0.0,0.0,0.5,0.0,0.0,0.0,0.5,0.0,0.0,0.0,0.0,0.0,0.0,0.0,0.0,0.0,0.0,0.0,0.0,84.0,500.0,5.0,0,1,0.5,155.0,1.33,40.0,0.0,0.0,0.0,1.0,0.0,0.0,0.0,6.634126,0.0,0.0,0.0,0.0,0.0,0.0,0.0,0.0,0.0,0.0,0.0,0.0,0.0,0.0,0.0,0.0,0.0,0.0,0.0,0.0,0.0,0.0,0.0,0.0,290.0
69b7d5349605ebc57c753147,69b7d5349605ebc57c753147,0.0,0.0,0.0,0.0,0.0,0.0,0.0,0.0,0.0,0.0,0.0,0.0,0.0,0.0,0.0,0.0,0.0,0.9,0.0,0.1,0.0,0.0,0.0,0.0,0.0,0.0,0.0,0.0,0.0,0.0,10.0,650.0,4.0,1,1,0.1,185.0,1.14,60.0,0.0,0.0,1.0,0.0,0.0,0.0,0.0,5.525,0.0,0.0,0.0,0.0,0.0,0.0,0.0,0.0,0.0,0.0,0.0,0.0,0.0,0.0,0.0,0.0,0.0,0.0,0.0,0.0,0.0,0.0,0.0,0.0,1250.0
69b7d5349605ebc57c753149,69b7d5349605ebc57c753149,0.0,0.0,0.0,0.0,0.0,0.0,0.0,0.0,0.0,0.0,0.0,0.0,0.0,0.0,0.0,0.0,0.0,0.75,0.0,0.25,0.0,0.0,0.0,0.0,0.0,0.0,0.0,0.0,0.0,0.0,13.0,650.0,4.0,0,1,0.25,185.0,1.14,60.0,0.0,0.0,1.0,0.0,0.0,0.0,0.0,5.525,0.0,0.0,0.0,0.0,0.0,0.0,0.0,0.0,0.0,0.0,0.0,0.0,0.0,0.0,0.0,0.0,0.0,0.0,0.0,0.0,0.0,0.0,0.0,0.0,1180.0
69b7d5359605ebc57c75314b,69b7d5359605ebc57c75314b,0.0,0.0,0.0,0.0,0.0,0.0,0.0,0.0,0.0,0.0,0.0,0.0,0.0,0.0,0.0,0.0,0.0,0.5,0.0,0.5,0.0,0.0,0.0,0.0,0.0,0.0,0.0,0.0,0.0,0.0,12.0,650.0,4.0,0,1,0.5,185.0,1.14,60.0,0.0,0.0,1.0,0.0,0.0,0.0,0.0,5.525,0.0,0.0,0.0,0.0,0.0,0.0,0.0,0.0,0.0,0.0,0.0,0.0,0.0,0.0,0.0,0.0,0.0,0.0,0.0,0.0,0.0,0.0,0.0,0.0,980.0
69b7d53d9605ebc57c753161,69b7d53d9605ebc57c753161,0.0,0.0,0.0,0.0,0.3,0.0,0.0,0.0,0.0,0.0,0.0,0.0,0.0,0.0,0.0,0.0,0.0,0.7,0.0,0.0,0.0,0.0,0.0,0.0,0.0,0.0,0.0,0.0,0.0,0.0,58.0,500.0,5.0,1,1,0.3,140.0,1.55,25.0,0.0,1.0,0.0,1.0,0.0,0.0,1.0,7.434038,0.0,0.0,0.0,0.0,0.0,0.0,0.0,0.0,0.0,0.0,0.0,0.0,0.0,0.0,0.0,0.0,0.0,0.0,0.0,0.0,0.0,0.0,0.0,0.0,416.0
69b7d53e9605ebc57c753163,69b7d53e9605ebc57c753163,0.0,0.0,0.0,0.0,0.3,0.0,0.0,0.0,0.0,0.0,0.0,0.0,0.0,0.0,0.0,0.0,0.0,0.7,0.0,0.0,0.0,0.0,0.0,0.0,0.0,0.0,0.0,0.0,0.0,0.0,49.0,500.0,5.0,1,1,0.3,140.0,1.55,25.0,0.0,1.0,0.0,1.0,0.0,0.0,1.0,7.434038,0.0,0.0,0.0,0.0,0.0,0.0,0.0,0.0,0.0,0.0,0.0,0.0,0.0,0.0,0.0,0.0,0.0,0.0,0.0,0.0,0.0,0.0,0.0,0.0,350.0
69b7d53e9605ebc57c753165,69b7d53e9605ebc57c753165,0.0,0.0,0.0,0.0,0.3,0.0,0.0,0.0,0.0,0.0,0.0,0.0,0.0,0.0,0.0,0.0,0.0,0.7,0.0,0.0,0.0,0.0,0.0,0.0,0.0,0.0,0.0,0.0,0.0,0.0,69.0,500.0,5.0,1,1,0.3,140.0,1.55,25.0,0.0,1.0,0.0,1.0,0.0,0.0,1.0,7.434038,0.0,0.0,0.0,0.0,0.0,0.0,0.0,0.0,0.0,0.0,0.0,0.0,0.0,0.0,0.0,0.0,0.0,0.0,0.0,0.0,0.0,0.0,0.0,0.0,470.0
69b7d5469605ebc57c75317b,69b7d5469605ebc57c75317b,0.0,0.0,0.0,0.0,0.1,0.0,0.0,0.0,0.1,0.0,0.0,0.0,0.0,0.0,0.0,0.0,0.0,0.8,0.0,0.0,0.0,0.0,0.0,0.0,0.0,0.0,0.0,0.0,0.0,0.0,84.0,550.0,4.0,1,2,0.1,135.0,1.9,29.0,0.0,1.0,0.0,0.0,0.0,0.0,0.0,7.72638,0.1,140.0,1.55,25.0,0.0,1.0,0.0,1.0,0.0,0.0,1.0,7.434038,0.0,0.0,0.0,0.0,0.0,0.0,0.0,0.0,0.0,0.0,0.0,0.0,1260.0
69b7d5479605ebc57c75317d,69b7d5479605ebc57c75317d,0.0,0.0,0.0,0.0,0.0,0.0,0.0,0.0,0.0,0.0,0.0,0.0,0.0,0.0,0.0,0.0,0.0,1.0,0.0,0.0,0.0,0.0,0.0,0.0,0.0,0.0,0.0,0.0,0.0,0.0,75.0,550.0,4.0,1,0,0.0,0.0,0.0,0.0,0.0,0.0,0.0,0.0,0.0,0.0,0.0,0.0,0.0,0.0,0.0,0.0,0.0,0.0,0.0,0.0,0.0,0.0,0.0,0.0,0.0,0.0,0.0,0.0,0.0,0.0,0.0,0.0,0.0,0.0,0.0,0.0,367.0
69c148c9a3603e6d7d9ad766,69c148c9a3603e6d7d9ad766,0.0,0.0,0.0,0.0,0.0,0.0,0.0,0.0,0.0,0.0,0.0,0.0,0.0,0.2,0.0,0.0,0.0,0.8,0.0,0.0,0.0,0.0,0.0,0.0,0.0,0.0,0.0,0.0,0.0,0.0,109.0,500.0,1.0,1,1,0.2,155.0,1.33,40.0,0.0,0.0,0.0,1.0,0.0,0.0,0.0,6.634126,0.0,0.0,0.0,0.0,0.0,0.0,0.0,0.0,0.0,0.0,0.0,0.0,0.0,0.0,0.0,0.0,0.0,0.0,0.0,0.0,0.0,0.0,0.0,0.0,1510.0
69cd2ff529cce59b64a17705,69cd2ff529cce59b64a17705,0.0,0.0,0.0,0.0,0.0,0.0,0.0,0.0,0.0,0.0,0.0,0.0,0.0,0.25,0.0,0.0,0.0,0.75,0.0,0.0,0.0,0.0,0.0,0.0,0.0,0.0,0.0,0.0,0.0,0.0,84.0,500.0,5.0,1,1,0.25,155.0,1.33,40.0,0.0,0.0,0.0,1.0,0.0,0.0,0.0,6.634126,0.0,0.0,0.0,0.0,0.0,0.0,0.0,0.0,0.0,0.0,0.0,0.0,0.0,0.0,0.0,0.0,0.0,0.0,0.0,0.0,0.0,0.0,0.0,0.0,334.0
69cd2ff629cce59b64a17707,69cd2ff629cce59b64a17707,0.0,0.0,0.0,0.0,0.0,0.0,0.0,0.0,0.0,0.0,0.0,0.0,0.0,0.0,0.0,0.0,0.0,0.8,0.0,0.0,0.0,0.0,0.0,0.0,0.0,0.0,0.0,0.2,0.0,0.0,78.0,500.0,5.0,1,1,0.2,155.0,1.3,72.0,0.0,0.0,0.0,1.0,0.0,0.0,0.0,6.82507,0.0,0.0,0.0,0.0,0.0,0.0,0.0,0.0,0.0,0.0,0.0,0.0,0.0,0.0,0.0,0.0,0.0,0.0,0.0,0.0,0.0,0.0,0.0,0.0,496.0
69cd2ff729cce59b64a17709,69cd2ff729cce59b64a17709,0.0,0.0,0.0,0.0,0.0,0.0,0.0,0.0,0.0,0.0,0.0,0.0,0.0,0.0,0.0,0.0,0.0,0.8,0.0,0.0,0.0,0.0,0.0,0.2,0.0,0.0,0.0,0.0,0.0,0.0,85.0,500.0,5.0,1,1,0.2,175.0,1.21,65.0,0.0,0.0,1.0,0.0,0.0,0.0,0.0,5.8638,0.0,0.0,0.0,0.0,0.0,0.0,0.0,0.0,0.0,0.0,0.0,0.0,0.0,0.0,0.0,0.0,0.0,0.0,0.0,0.0,0.0,0.0,0.0,0.0,434.0
69cd2ff729cce59b64a1770b,69cd2ff729cce59b64a1770b,0.0,0.0,0.0,0.0,0.0,0.0,0.0,0.0,0.0,0.0,0.0,0.0,0.0,0.0,0.0,0.0,0.0,0.8,0.2,0.0,0.0,0.0,0.0,0.0,0.0,0.0,0.0,0.0,0.0,0.0,85.0,500.0,5.0,1,1,0.2,185.0,1.13,59.0,0.0,0.0,1.0,0.0,0.0,0.0,0.0,5.4702,0.0,0.0,0.0,0.0,0.0,0.0,0.0,0.0,0.0,0.0,0.0,0.0,0.0,0.0,0.0,0.0,0.0,0.0,0.0,0.0,0.0,0.0,0.0,0.0,420.0
69cd2ff829cce59b64a1770d,69cd2ff829cce59b64a1770d,0.0,0.0,0.0,0.0,0.0,0.0,0.0,0.0,0.0,0.0,0.0,0.0,0.0,0.0,0.0,0.0,0.0,1.0,0.0,0.0,0.0,0.0,0.0,0.0,0.0,0.0,0.0,0.0,0.0,0.0,41.0,500.0,5.0,1,0,0.0,0.0,0.0,0.0,0.0,0.0,0.0,0.0,0.0,0.0,0.0,0.0,0.0,0.0,0.0,0.0,0.0,0.0,0.0,0.0,0.0,0.0,0.0,0.0,0.0,0.0,0.0,0.0,0.0,0.0,0.0,0.0,0.0,0.0,0.0,0.0,80.0
69cd2ff929cce59b64a1770f,69cd2ff929cce59b64a1770f,0.0,0.0,0.0,0.0,0.0,0.0,0.0,0.0,0.0,0.0,0.0,0.0,0.0,0.33,0.0,0.0,0.0,0.67,0.0,0.0,0.0,0.0,0.0,0.0,0.0,0.0,0.0,0.0,0.0,0.0,70.1,550.0,5.0,1,1,0.33,155.0,1.33,40.0,0.0,0.0,0.0,1.0,0.0,0.0,0.0,6.634126,0.0,0.0,0.0,0.0,0.0,0.0,0.0,0.0,0.0,0.0,0.0,0.0,0.0,0.0,0.0,0.0,0.0,0.0,0.0,0.0,0.0,0.0,0.0,0.0,876.0
69cd2ffa29cce59b64a17712,69cd2ffa29cce59b64a17712,0.0,0.0,0.33,0.0,0.0,0.0,0.0,0.0,0.0,0.0,0.0,0.0,0.0,0.0,0.0,0.0,0.0,0.67,0.0,0.0,0.0,0.0,0.0,0.0,0.0,0.0,0.0,0.0,0.0,0.0,72.3,550.0,5.0,1,1,0.33,140.0,1.54,22.0,0.0,0.0,0.0,1.0,0.0,0.0,0.0,6.82812,0.0,0.0,0.0,0.0,0.0,0.0,0.0,0.0,0.0,0.0,0.0,0.0,0.0,0.0,0.0,0.0,0.0,0.0,0.0,0.0,0.0,0.0,0.0,0.0,876.0
69cd2ffb29cce59b64a17715,69cd2ffb29cce59b64a17715,0.0,0.0,0.0,0.0,0.0,0.0,0.0,0.0,0.0,0.0,0.0,0.0,0.0,0.0,0.0,0.33,0.0,0.67,0.0,0.0,0.0,0.0,0.0,0.0,0.0,0.0,0.0,0.0,0.0,0.0,82.9,550.0,5.0,1,1,0.33,145.0,1.96,50.0,0.0,1.0,0.0,1.0,0.0,0.0,0.0,7.343918,0.0,0.0,0.0,0.0,0.0,0.0,0.0,0.0,0.0,0.0,0.0,0.0,0.0,0.0,0.0,0.0,0.0,0.0,0.0,0.0,0.0,0.0,0.0,0.0,876.0
69cd2ffc29cce59b64a17718,69cd2ffc29cce59b64a17718,0.0,0.0,0.0,0.0,0.0,0.0,0.0,0.0,0.0,0.0,0.0,0.0,0.0,0.0,0.0,0.0,0.0,1.0,0.0,0.0,0.0,0.0,0.0,0.0,0.0,0.0,0.0,0.0,0.0,0.0,36.5,550.0,5.0,1,0,0.0,0.0,0.0,0.0,0.0,0.0,0.0,0.0,0.0,0.0,0.0,0.0,0.0,0.0,0.0,0.0,0.0,0.0,0.0,0.0,0.0,0.0,0.0,0.0,0.0,0.0,0.0,0.0,0.0,0.0,0.0,0.0,0.0,0.0,0.0,0.0,876.0
69cd2ffd29cce59b64a1771b,69cd2ffd29cce59b64a1771b,0.0,0.0,0.0,0.0,0.0,0.0,0.0,0.0,0.0,0.0,0.0,0.0,0.0,0.25,0.0,0.0,0.0,0.75,0.0,0.0,0.0,0.0,0.0,0.0,0.0,0.0,0.0,0.0,0.0,0.0,68.5,500.0,5.0,1,1,0.25,155.0,1.33,40.0,0.0,0.0,0.0,1.0,0.0,0.0,0.0,6.634126,0.0,0.0,0.0,0.0,0.0,0.0,0.0,0.0,0.0,0.0,0.0,0.0,0.0,0.0,0.0,0.0,0.0,0.0,0.0,0.0,0.0,0.0,0.0,0.0,594.0
69cd2ffd29cce59b64a1771d,69cd2ffd29cce59b64a1771d,0.0,0.0,0.25,0.0,0.0,0.0,0.0,0.0,0.0,0.0,0.0,0.0,0.0,0.0,0.0,0.0,0.0,0.75,0.0,0.0,0.0,0.0,0.0,0.0,0.0,0.0,0.0,0.0,0.0,0.0,71.5,500.0,5.0,1,1,0.25,140.0,1.54,22.0,0.0,0.0,0.0,1.0,0.0,0.0,0.0,6.82812,0.0,0.0,0.0,0.0,0.0,0.0,0.0,0.0,0.0,0.0,0.0,0.0,0.0,0.0,0.0,0.0,0.0,0.0,0.0,0.0,0.0,0.0,0.0,0.0,694.0
69cd2ffe29cce59b64a1771f,69cd2ffe29cce59b64a1771f,0.0,0.0,0.0,0.0,0.0,0.0,0.0,0.0,0.25,0.0,0.0,0.0,0.0,0.0,0.0,0.0,0.0,0.75,0.0,0.0,0.0,0.0,0.0,0.0,0.0,0.0,0.0,0.0,0.0,0.0,97.3,500.0,5.0,1,1,0.25,135.0,1.9,29.0,0.0,1.0,0.0,0.0,0.0,0.0,0.0,7.72638,0.0,0.0,0.0,0.0,0.0,0.0,0.0,0.0,0.0,0.0,0.0,0.0,0.0,0.0,0.0,0.0,0.0,0.0,0.0,0.0,0.0,0.0,0.0,0.0,694.0
69cd300429cce59b64a17731,69cd300429cce59b64a17731,0.0,0.0,0.0,0.0,0.0,0.0,0.0,0.0,0.0,0.0,0.0,0.0,0.0,0.42000000000000004,0.0,0.0,0.0,0.5000000000000001,0.08000000000000002,0.0,0.0,0.0,0.0,0.0,0.0,0.0,0.0,0.0,0.0,0.0,12.0,1000.0,100.0,1,2,0.42000000000000004,155.0,1.33,40.0,0.0,0.0,0.0,1.0,0.0,0.0,0.0,6.634126,0.08000000000000002,185.0,1.13,59.0,0.0,0.0,1.0,0.0,0.0,0.0,0.0,5.4702,0.0,0.0,0.0,0.0,0.0,0.0,0.0,0.0,0.0,0.0,0.0,0.0,525.0
69cd300429cce59b64a17733,69cd300429cce59b64a17733,0.0,0.0,0.0,0.0,0.0,0.0,0.0,0.0,0.0,0.0,0.0,0.0,0.0,0.42000000000000004,0.0,0.0,0.0,0.5000000000000001,0.0,0.08000000000000002,0.0,0.0,0.0,0.0,0.0,0.0,0.0,0.0,0.0,0.0,11.0,1000.0,100.0,1,2,0.42000000000000004,155.0,1.33,40.0,0.0,0.0,0.0,1.0,0.0,0.0,0.0,6.634126,0.08000000000000002,185.0,1.14,60.0,0.0,0.0,1.0,0.0,0.0,0.0,0.0,5.525,0.0,0.0,0.0,0.0,0.0,0.0,0.0,0.0,0.0,0.0,0.0,0.0,558.0
69cd300b29cce59b64a1774c,69cd300b29cce59b64a1774c,0.0,0.0,0.0,0.0,0.0,0.0,0.0,0.0,0.0,0.0,0.0,0.0,0.0,0.0,0.0,0.0,0.0,0.96,0.0,0.0,0.04,0.0,0.0,0.0,0.0,0.0,0.0,0.0,0.0,0.0,112.6,500.0,2.0,1,1,0.04,185.0,1.17,62.0,0.0,0.0,1.0,0.0,0.0,0.0,0.0,5.643722,0.0,0.0,0.0,0.0,0.0,0.0,0.0,0.0,0.0,0.0,0.0,0.0,0.0,0.0,0.0,0.0,0.0,0.0,0.0,0.0,0.0,0.0,0.0,0.0,352.0
69cd300c29cce59b64a17752,69cd300c29cce59b64a17752,0.0,0.0,0.0,0.0,0.0,0.0,0.0,0.0,0.0,0.0,0.0,0.0,0.0,0.0,0.0,0.0,0.0,1.0,0.0,0.0,0.0,0.0,0.0,0.0,0.0,0.0,0.0,0.0,0.0,0.0,96.0,500.0,2.0,1,0,0.0,0.0,0.0,0.0,0.0,0.0,0.0,0.0,0.0,0.0,0.0,0.0,0.0,0.0,0.0,0.0,0.0,0.0,0.0,0.0,0.0,0.0,0.0,0.0,0.0,0.0,0.0,0.0,0.0,0.0,0.0,0.0,0.0,0.0,0.0,0.0,230.0
69cd300d29cce59b64a17755,69cd300d29cce59b64a17755,0.0,0.0,0.0,0.0,0.0,0.0,0.0,0.0,0.0,0.0,0.0,0.0,0.0,0.5,0.0,0.0,0.0,0.5,0.0,0.0,0.0,0.0,0.0,0.0,0.0,0.0,0.0,0.0,0.0,0.0,17.08,400.0,2.0,1,1,0.5,155.0,1.33,40.0,0.0,0.0,0.0,1.0,0.0,0.0,0.0,6.634126,0.0,0.0,0.0,0.0,0.0,0.0,0.0,0.0,0.0,0.0,0.0,0.0,0.0,0.0,0.0,0.0,0.0,0.0,0.0,0.0,0.0,0.0,0.0,0.0,910.0
69cd300d29cce59b64a17755,69cd300d29cce59b64a17755,0.0,0.0,0.0,0.0,0.0,0.0,0.0,0.0,0.0,0.0,0.0,0.0,0.0,0.5,0.0,0.0,0.0,0.5,0.0,0.0,0.0,0.0,0.0,0.0,0.0,0.0,0.0,0.0,0.0,0.0,17.08,400.0,2.0,1,1,0.5,155.0,1.33,40.0,0.0,0.0,0.0,1.0,0.0,0.0,0.0,6.634126,0.0,0.0,0.0,0.0,0.0,0.0,0.0,0.0,0.0,0.0,0.0,0.0,0.0,0.0,0.0,0.0,0.0,0.0,0.0,0.0,0.0,0.0,0.0,0.0,1070.0
69cd300d29cce59b64a17755,69cd300d29cce59b64a17755,0.0,0.0,0.0,0.0,0.0,0.0,0.0,0.0,0.0,0.0,0.0,0.0,0.0,0.5,0.0,0.0,0.0,0.5,0.0,0.0,0.0,0.0,0.0,0.0,0.0,0.0,0.0,0.0,0.0,0.0,17.08,400.0,2.0,1,1,0.5,155.0,1.33,40.0,0.0,0.0,0.0,1.0,0.0,0.0,0.0,6.634126,0.0,0.0,0.0,0.0,0.0,0.0,0.0,0.0,0.0,0.0,0.0,0.0,0.0,0.0,0.0,0.0,0.0,0.0,0.0,0.0,0.0,0.0,0.0,0.0,1120.0
69cd300e29cce59b64a17759,69cd300e29cce59b64a17759,0.0,0.0,0.1,0.0,0.0,0.0,0.0,0.0,0.0,0.0,0.0,0.0,0.0,0.4,0.0,0.0,0.0,0.5,0.0,0.0,0.0,0.0,0.0,0.0,0.0,0.0,0.0,0.0,0.0,0.0,8.29,400.0,2.0,0,2,0.4,155.0,1.33,40.0,0.0,0.0,0.0,1.0,0.0,0.0,0.0,6.634126,0.1,140.0,1.54,22.0,0.0,0.0,0.0,1.0,0.0,0.0,0.0,6.82812,0.0,0.0,0.0,0.0,0.0,0.0,0.0,0.0,0.0,0.0,0.0,0.0,1310.0
69cd300e29cce59b64a17759,69cd300e29cce59b64a17759,0.0,0.0,0.1,0.0,0.0,0.0,0.0,0.0,0.0,0.0,0.0,0.0,0.0,0.4,0.0,0.0,0.0,0.5,0.0,0.0,0.0,0.0,0.0,0.0,0.0,0.0,0.0,0.0,0.0,0.0,8.29,400.0,2.0,0,2,0.4,155.0,1.33,40.0,0.0,0.0,0.0,1.0,0.0,0.0,0.0,6.634126,0.1,140.0,1.54,22.0,0.0,0.0,0.0,1.0,0.0,0.0,0.0,6.82812,0.0,0.0,0.0,0.0,0.0,0.0,0.0,0.0,0.0,0.0,0.0,0.0,1530.0
69cd300e29cce59b64a17759,69cd300e29cce59b64a17759,0.0,0.0,0.1,0.0,0.0,0.0,0.0,0.0,0.0,0.0,0.0,0.0,0.0,0.4,0.0,0.0,0.0,0.5,0.0,0.0,0.0,0.0,0.0,0.0,0.0,0.0,0.0,0.0,0.0,0.0,8.29,400.0,2.0,0,2,0.4,155.0,1.33,40.0,0.0,0.0,0.0,1.0,0.0,0.0,0.0,6.634126,0.1,140.0,1.54,22.0,0.0,0.0,0.0,1.0,0.0,0.0,0.0,6.82812,0.0,0.0,0.0,0.0,0.0,0.0,0.0,0.0,0.0,0.0,0.0,0.0,1560.0
69cd300f29cce59b64a1775d,69cd300f29cce59b64a1775d,0.0,0.0,0.2,0.0,0.0,0.0,0.0,0.0,0.0,0.0,0.0,0.0,0.0,0.3,0.0,0.0,0.0,0.5,0.0,0.0,0.0,0.0,0.0,0.0,0.0,0.0,0.0,0.0,0.0,0.0,7.48,400.0,2.0,0,2,0.3,155.0,1.33,40.0,0.0,0.0,0.0,1.0,0.0,0.0,0.0,6.634126,0.2,140.0,1.54,22.0,0.0,0.0,0.0,1.0,0.0,0.0,0.0,6.82812,0.0,0.0,0.0,0.0,0.0,0.0,0.0,0.0,0.0,0.0,0.0,0.0,1370.0
69cd300f29cce59b64a1775d,69cd300f29cce59b64a1775d,0.0,0.0,0.2,0.0,0.0,0.0,0.0,0.0,0.0,0.0,0.0,0.0,0.0,0.3,0.0,0.0,0.0,0.5,0.0,0.0,0.0,0.0,0.0,0.0,0.0,0.0,0.0,0.0,0.0,0.0,7.48,400.0,2.0,0,2,0.3,155.0,1.33,40.0,0.0,0.0,0.0,1.0,0.0,0.0,0.0,6.634126,0.2,140.0,1.54,22.0,0.0,0.0,0.0,1.0,0.0,0.0,0.0,6.82812,0.0,0.0,0.0,0.0,0.0,0.0,0.0,0.0,0.0,0.0,0.0,0.0,1590.0
69cd301529cce59b64a17775,69cd301529cce59b64a17775,0.0,0.0,0.0,0.0,0.0,0.0,0.0,0.0,0.0,0.0,0.0,0.0,0.0,0.5,0.0,0.0,0.0,0.5,0.0,0.0,0.0,0.0,0.0,0.0,0.0,0.0,0.0,0.0,0.0,0.0,61.4,500.0,4.0,1,1,0.5,155.0,1.33,40.0,0.0,0.0,0.0,1.0,0.0,0.0,0.0,6.634126,0.0,0.0,0.0,0.0,0.0,0.0,0.0,0.0,0.0,0.0,0.0,0.0,0.0,0.0,0.0,0.0,0.0,0.0,0.0,0.0,0.0,0.0,0.0,0.0,113.0
69cd301529cce59b64a17775,69cd301529cce59b64a17775,0.0,0.0,0.0,0.0,0.0,0.0,0.0,0.0,0.0,0.0,0.0,0.0,0.0,0.5,0.0,0.0,0.0,0.5,0.0,0.0,0.0,0.0,0.0,0.0,0.0,0.0,0.0,0.0,0.0,0.0,61.4,500.0,4.0,1,1,0.5,155.0,1.33,40.0,0.0,0.0,0.0,1.0,0.0,0.0,0.0,6.634126,0.0,0.0,0.0,0.0,0.0,0.0,0.0,0.0,0.0,0.0,0.0,0.0,0.0,0.0,0.0,0.0,0.0,0.0,0.0,0.0,0.0,0.0,0.0,0.0,820.0
69cd301629cce59b64a1777a,69cd301629cce59b64a1777a,0.0,0.0,0.0,0.0,0.0,0.0,0.0,0.0,0.0,0.0,0.0,0.0,0.0,0.5,0.0,0.0,0.0,0.5,0.0,0.0,0.0,0.0,0.0,0.0,0.0,0.0,0.0,0.0,0.0,0.0,136.0,500.0,4.0,1,1,0.5,155.0,1.33,40.0,0.0,0.0,0.0,1.0,0.0,0.0,0.0,6.634126,0.0,0.0,0.0,0.0,0.0,0.0,0.0,0.0,0.0,0.0,0.0,0.0,0.0,0.0,0.0,0.0,0.0,0.0,0.0,0.0,0.0,0.0,0.0,0.0,128.0
69cd301629cce59b64a1777a,69cd301629cce59b64a1777a,0.0,0.0,0.0,0.0,0.0,0.0,0.0,0.0,0.0,0.0,0.0,0.0,0.0,0.5,0.0,0.0,0.0,0.5,0.0,0.0,0.0,0.0,0.0,0.0,0.0,0.0,0.0,0.0,0.0,0.0,136.0,500.0,4.0,1,1,0.5,155.0,1.33,40.0,0.0,0.0,0.0,1.0,0.0,0.0,0.0,6.634126,0.0,0.0,0.0,0.0,0.0,0.0,0.0,0.0,0.0,0.0,0.0,0.0,0.0,0.0,0.0,0.0,0.0,0.0,0.0,0.0,0.0,0.0,0.0,0.0,1145.0
69cd301729cce59b64a1777f,69cd301729cce59b64a1777f,0.0,0.0,0.0,0.0,0.0,0.0,0.0,0.0,0.0,0.0,0.0,0.0,0.0,0.5,0.0,0.0,0.0,0.5,0.0,0.0,0.0,0.0,0.0,0.0,0.0,0.0,0.0,0.0,0.0,0.0,126.0,500.0,4.0,1,1,0.5,155.0,1.33,40.0,0.0,0.0,0.0,1.0,0.0,0.0,0.0,6.634126,0.0,0.0,0.0,0.0,0.0,0.0,0.0,0.0,0.0,0.0,0.0,0.0,0.0,0.0,0.0,0.0,0.0,0.0,0.0,0.0,0.0,0.0,0.0,0.0,89.0
69cd301729cce59b64a1777f,69cd301729cce59b64a1777f,0.0,0.0,0.0,0.0,0.0,0.0,0.0,0.0,0.0,0.0,0.0,0.0,0.0,0.5,0.0,0.0,0.0,0.5,0.0,0.0,0.0,0.0,0.0,0.0,0.0,0.0,0.0,0.0,0.0,0.0,126.0,500.0,4.0,1,1,0.5,155.0,1.33,40.0,0.0,0.0,0.0,1.0,0.0,0.0,0.0,6.634126,0.0,0.0,0.0,0.0,0.0,0.0,0.0,0.0,0.0,0.0,0.0,0.0,0.0,0.0,0.0,0.0,0.0,0.0,0.0,0.0,0.0,0.0,0.0,0.0,1034.0
69cd301b29cce59b64a1778c,69cd301b29cce59b64a1778c,0.0,0.0,0.0,0.0,0.0,0.0,0.0,0.0,0.0,0.0,0.0,0.0,0.0,0.29126213592233013,0.0,0.0,0.0,0.5825242718446603,0.0,0.12621359223300974,0.0,0.0,0.0,0.0,0.0,0.0,0.0,0.0,0.0,0.0,31.458,500.0,4.897478354978356,1,2,0.29126213592233013,155.0,1.33,40.0,0.0,0.0,0.0,1.0,0.0,0.0,0.0,6.634126,0.12621359223300974,185.0,1.14,60.0,0.0,0.0,1.0,0.0,0.0,0.0,0.0,5.525,0.0,0.0,0.0,0.0,0.0,0.0,0.0,0.0,0.0,0.0,0.0,0.0,929.0
69cd301b29cce59b64a1778e,69cd301b29cce59b64a1778e,0.0,0.0,0.0,0.0,0.0,0.0,0.0,0.0,0.0,0.0,0.0,0.0,0.0,0.0,0.0,0.0,0.0,0.75,0.0,0.0,0.0,0.0,0.0,0.0,0.0,0.0,0.0,0.25,0.0,0.0,43.5,600.0,3.0,1,1,0.25,155.0,1.3,72.0,0.0,0.0,0.0,1.0,0.0,0.0,0.0,6.82507,0.0,0.0,0.0,0.0,0.0,0.0,0.0,0.0,0.0,0.0,0.0,0.0,0.0,0.0,0.0,0.0,0.0,0.0,0.0,0.0,0.0,0.0,0.0,0.0,39.6
69cd301c29cce59b64a17790,69cd301c29cce59b64a17790,0.0,0.0,0.0,0.0,0.0,0.0,0.0,0.0,0.0,0.0,0.0,0.0,0.0,0.0,0.0,0.0,0.0,0.65,0.0,0.0,0.1,0.0,0.0,0.0,0.0,0.0,0.0,0.25,0.0,0.0,58.1,600.0,3.0,1,2,0.25,155.0,1.3,72.0,0.0,0.0,0.0,1.0,0.0,0.0,0.0,6.82507,0.1,185.0,1.17,62.0,0.0,0.0,1.0,0.0,0.0,0.0,0.0,5.643722,0.0,0.0,0.0,0.0,0.0,0.0,0.0,0.0,0.0,0.0,0.0,0.0,118.0
69cd301d29cce59b64a17792,69cd301d29cce59b64a17792,0.0,0.0,0.0,0.0,0.0,0.0,0.0,0.0,0.0,0.0,0.0,0.0,0.0,0.0,0.0,0.0,0.0,0.65,0.1,0.0,0.0,0.0,0.0,0.0,0.0,0.0,0.0,0.25,0.0,0.0,70.8,600.0,3.0,1,2,0.25,155.0,1.3,72.0,0.0,0.0,0.0,1.0,0.0,0.0,0.0,6.82507,0.1,185.0,1.13,59.0,0.0,0.0,1.0,0.0,0.0,0.0,0.0,5.4702,0.0,0.0,0.0,0.0,0.0,0.0,0.0,0.0,0.0,0.0,0.0,0.0,152.0
69cd301d29cce59b64a17794,69cd301d29cce59b64a17794,0.0,0.0,0.0,0.0,0.0,0.0,0.0,0.0,0.0,0.0,0.0,0.0,0.0,0.0,0.0,0.0,0.0,0.65,0.0,0.1,0.0,0.0,0.0,0.0,0.0,0.0,0.0,0.25,0.0,0.0,63.8,600.0,3.0,1,2,0.25,155.0,1.3,72.0,0.0,0.0,0.0,1.0,0.0,0.0,0.0,6.82507,0.1,185.0,1.14,60.0,0.0,0.0,1.0,0.0,0.0,0.0,0.0,5.525,0.0,0.0,0.0,0.0,0.0,0.0,0.0,0.0,0.0,0.0,0.0,0.0,68.0
69cd301e29cce59b64a17796,69cd301e29cce59b64a17796,0.0,0.0,0.0,0.0,0.0,0.0,0.0,0.0,0.0,0.0,0.0,0.0,0.0,0.43,0.0,0.07,0.0,0.5,0.0,0.0,0.0,0.0,0.0,0.0,0.0,0.0,0.0,0.0,0.0,0.0,24.0,1000.0,20.0,1,2,0.43,155.0,1.33,40.0,0.0,0.0,0.0,1.0,0.0,0.0,0.0,6.634126,0.07,145.0,1.96,50.0,0.0,1.0,0.0,1.0,0.0,0.0,0.0,7.343918,0.0,0.0,0.0,0.0,0.0,0.0,0.0,0.0,0.0,0.0,0.0,0.0,1067.0
69cd301e29cce59b64a17798,69cd301e29cce59b64a17798,0.0,0.0,0.0,0.0,0.0,0.0,0.0,0.0,0.0,0.0,0.0,0.0,0.0,0.0,0.0,0.0,0.0,1.0,0.0,0.0,0.0,0.0,0.0,0.0,0.0,0.0,0.0,0.0,0.0,0.0,3.0,1000.0,20.0,1,0,0.0,0.0,0.0,0.0,0.0,0.0,0.0,0.0,0.0,0.0,0.0,0.0,0.0,0.0,0.0,0.0,0.0,0.0,0.0,0.0,0.0,0.0,0.0,0.0,0.0,0.0,0.0,0.0,0.0,0.0,0.0,0.0,0.0,0.0,0.0,0.0,13.0
69cd301f29cce59b64a1779a,69cd301f29cce59b64a1779a,0.0,0.0,0.0,0.0,0.0,0.0,0.0,0.0,0.0,0.0,0.0,0.0,0.0,0.5,0.0,0.0,0.0,0.5,0.0,0.0,0.0,0.0,0.0,0.0,0.0,0.0,0.0,0.0,0.0,0.0,8.0,1000.0,20.0,1,1,0.5,155.0,1.33,40.0,0.0,0.0,0.0,1.0,0.0,0.0,0.0,6.634126,0.0,0.0,0.0,0.0,0.0,0.0,0.0,0.0,0.0,0.0,0.0,0.0,0.0,0.0,0.0,0.0,0.0,0.0,0.0,0.0,0.0,0.0,0.0,0.0,449.0
69cd302029cce59b64a1779c,69cd302029cce59b64a1779c,0.0,0.0,0.1,0.0,0.0,0.0,0.0,0.0,0.0,0.0,0.0,0.0,0.0,0.4,0.0,0.0,0.0,0.5,0.0,0.0,0.0,0.0,0.0,0.0,0.0,0.0,0.0,0.0,0.0,0.0,8.0,1000.0,20.0,0,2,0.4,155.0,1.33,40.0,0.0,0.0,0.0,1.0,0.0,0.0,0.0,6.634126,0.1,140.0,1.54,22.0,0.0,0.0,0.0,1.0,0.0,0.0,0.0,6.82812,0.0,0.0,0.0,0.0,0.0,0.0,0.0,0.0,0.0,0.0,0.0,0.0,339.0
69cd302129cce59b64a177a0,69cd302129cce59b64a177a0,0.0,0.0,0.0,0.0,0.0,0.0,0.0,0.07,0.0,0.0,0.0,0.0,0.0,0.0,0.0,0.0,0.0,0.93,0.0,0.0,0.0,0.0,0.0,0.0,0.0,0.0,0.0,0.0,0.0,0.0,54.0,400.0,3.0,0,1,0.07,135.0,1.91,28.0,0.0,1.0,0.0,0.0,0.0,0.0,0.0,7.639878,0.0,0.0,0.0,0.0,0.0,0.0,0.0,0.0,0.0,0.0,0.0,0.0,0.0,0.0,0.0,0.0,0.0,0.0,0.0,0.0,0.0,0.0,0.0,0.0,1785.0
69cd302229cce59b64a177a4,69cd302229cce59b64a177a4,0.0,0.0,0.0,0.0,0.0,0.0,0.0,0.03,0.0,0.0,0.0,0.0,0.0,0.0,0.0,0.0,0.0,0.97,0.0,0.0,0.0,0.0,0.0,0.0,0.0,0.0,0.0,0.0,0.0,0.0,51.0,400.0,3.0,1,1,0.03,135.0,1.91,28.0,0.0,1.0,0.0,0.0,0.0,0.0,0.0,7.639878,0.0,0.0,0.0,0.0,0.0,0.0,0.0,0.0,0.0,0.0,0.0,0.0,0.0,0.0,0.0,0.0,0.0,0.0,0.0,0.0,0.0,0.0,0.0,0.0,1615.0
69cd302329cce59b64a177a8,69cd302329cce59b64a177a8,0.0,0.0,0.0,0.0,0.0,0.0,0.0,0.09,0.0,0.0,0.0,0.0,0.0,0.0,0.0,0.0,0.0,0.91,0.0,0.0,0.0,0.0,0.0,0.0,0.0,0.0,0.0,0.0,0.0,0.0,55.0,400.0,3.0,0,1,0.09,135.0,1.91,28.0,0.0,1.0,0.0,0.0,0.0,0.0,0.0,7.639878,0.0,0.0,0.0,0.0,0.0,0.0,0.0,0.0,0.0,0.0,0.0,0.0,0.0,0.0,0.0,0.0,0.0,0.0,0.0,0.0,0.0,0.0,0.0,0.0,1472.0
69cd302729cce59b64a177b7,69cd302729cce59b64a177b7,0.0,0.0,0.0,0.0,0.0,0.0,0.0,0.0,0.0,0.0,0.0,0.0,0.0,0.25,0.0,0.0,0.0,0.65,0.0,0.0,0.0,0.0,0.0,0.1,0.0,0.0,0.0,0.0,0.0,0.0,29.3,600.0,2.0,1,2,0.25,155.0,1.33,40.0,0.0,0.0,0.0,1.0,0.0,0.0,0.0,6.634126,0.1,175.0,1.21,65.0,0.0,0.0,1.0,0.0,0.0,0.0,0.0,5.8638,0.0,0.0,0.0,0.0,0.0,0.0,0.0,0.0,0.0,0.0,0.0,0.0,164.0
69cd302729cce59b64a177b9,69cd302729cce59b64a177b9,0.0,0.0,0.0,0.0,0.0,0.0,0.0,0.0,0.0,0.0,0.0,0.0,0.0,0.25,0.0,0.0,0.0,0.65,0.1,0.0,0.0,0.0,0.0,0.0,0.0,0.0,0.0,0.0,0.0,0.0,31.7,600.0,2.0,1,2,0.25,155.0,1.33,40.0,0.0,0.0,0.0,1.0,0.0,0.0,0.0,6.634126,0.1,185.0,1.13,59.0,0.0,0.0,1.0,0.0,0.0,0.0,0.0,5.4702,0.0,0.0,0.0,0.0,0.0,0.0,0.0,0.0,0.0,0.0,0.0,0.0,310.0
69cd302829cce59b64a177bb,69cd302829cce59b64a177bb,0.0,0.0,0.0,0.0,0.0,0.0,0.0,0.0,0.0,0.0,0.0,0.0,0.0,0.0,0.0,0.0,0.0,1.0,0.0,0.0,0.0,0.0,0.0,0.0,0.0,0.0,0.0,0.0,0.0,0.0,3.98,900.0,2.0,1,0,0.0,0.0,0.0,0.0,0.0,0.0,0.0,0.0,0.0,0.0,0.0,0.0,0.0,0.0,0.0,0.0,0.0,0.0,0.0,0.0,0.0,0.0,0.0,0.0,0.0,0.0,0.0,0.0,0.0,0.0,0.0,0.0,0.0,0.0,0.0,0.0,1768.0
69cd302829cce59b64a177bd,69cd302829cce59b64a177bd,0.0,0.0,0.0,0.0,0.0,0.0,0.0,0.0,0.0,0.0,0.0,0.0,0.0,0.0,0.0,0.0,0.0,0.9,0.0,0.0,0.0,0.0,0.1,0.0,0.0,0.0,0.0,0.0,0.0,0.0,7.79,900.0,2.0,1,1,0.1,180.0,1.2,64.0,0.0,0.0,1.0,0.0,0.0,0.0,0.0,6.1498,0.0,0.0,0.0,0.0,0.0,0.0,0.0,0.0,0.0,0.0,0.0,0.0,0.0,0.0,0.0,0.0,0.0,0.0,0.0,0.0,0.0,0.0,0.0,0.0,1932.0
69cd302929cce59b64a177bf,69cd302929cce59b64a177bf,0.0,0.0,0.0,0.0,0.0,0.0,0.0,0.0,0.0,0.0,0.0,0.0,0.0,0.0,0.0,0.0,0.0,0.85,0.0,0.0,0.0,0.0,0.15,0.0,0.0,0.0,0.0,0.0,0.0,0.0,21.93,900.0,2.0,1,1,0.15,180.0,1.2,64.0,0.0,0.0,1.0,0.0,0.0,0.0,0.0,6.1498,0.0,0.0,0.0,0.0,0.0,0.0,0.0,0.0,0.0,0.0,0.0,0.0,0.0,0.0,0.0,0.0,0.0,0.0,0.0,0.0,0.0,0.0,0.0,0.0,2353.0
69cd302a29cce59b64a177c1,69cd302a29cce59b64a177c1,0.0,0.0,0.0,0.0,0.0,0.0,0.0,0.0,0.0,0.0,0.0,0.0,0.0,0.0,0.0,0.0,0.0,0.8095238095238094,0.0,0.0,0.0,0.0,0.19047619047619047,0.0,0.0,0.0,0.0,0.0,0.0,0.0,17.19,900.0,2.0,1,1,0.19047619047619047,180.0,1.2,64.0,0.0,0.0,1.0,0.0,0.0,0.0,0.0,6.1498,0.0,0.0,0.0,0.0,0.0,0.0,0.0,0.0,0.0,0.0,0.0,0.0,0.0,0.0,0.0,0.0,0.0,0.0,0.0,0.0,0.0,0.0,0.0,0.0,2304.0
69cd302b29cce59b64a177c6,69cd302b29cce59b64a177c6,0.0,0.0,0.0,0.0,0.0,0.0,0.0,0.0,0.0,0.0,0.0,0.0,0.0,0.0,0.0,0.1,0.0,0.9,0.0,0.0,0.0,0.0,0.0,0.0,0.0,0.0,0.0,0.0,0.0,0.0,145.0,500.0,4.0,1,1,0.1,145.0,1.96,50.0,0.0,1.0,0.0,1.0,0.0,0.0,0.0,7.343918,0.0,0.0,0.0,0.0,0.0,0.0,0.0,0.0,0.0,0.0,0.0,0.0,0.0,0.0,0.0,0.0,0.0,0.0,0.0,0.0,0.0,0.0,0.0,0.0,840.0
69cd302c29cce59b64a177c9,69cd302c29cce59b64a177c9,0.0,0.0,0.0,0.0,0.0,0.0,0.0,0.0,0.0,0.0,0.0,0.0,0.0,0.1,0.0,0.0,0.0,0.9,0.0,0.0,0.0,0.0,0.0,0.0,0.0,0.0,0.0,0.0,0.0,0.0,126.0,500.0,4.0,1,1,0.1,155.0,1.33,40.0,0.0,0.0,0.0,1.0,0.0,0.0,0.0,6.634126,0.0,0.0,0.0,0.0,0.0,0.0,0.0,0.0,0.0,0.0,0.0,0.0,0.0,0.0,0.0,0.0,0.0,0.0,0.0,0.0,0.0,0.0,0.0,0.0,630.0
69cd302d29cce59b64a177cc,69cd302d29cce59b64a177cc,0.0,0.0,0.0,0.0,0.1,0.0,0.0,0.0,0.0,0.0,0.0,0.0,0.0,0.0,0.0,0.0,0.0,0.9,0.0,0.0,0.0,0.0,0.0,0.0,0.0,0.0,0.0,0.0,0.0,0.0,149.0,500.0,4.0,1,1,0.1,140.0,1.55,25.0,0.0,1.0,0.0,1.0,0.0,0.0,1.0,7.434038,0.0,0.0,0.0,0.0,0.0,0.0,0.0,0.0,0.0,0.0,0.0,0.0,0.0,0.0,0.0,0.0,0.0,0.0,0.0,0.0,0.0,0.0,0.0,0.0,1150.0
69cd302d29cce59b64a177cf,69cd302d29cce59b64a177cf,0.0,0.0,0.0,0.0,0.0,0.0,0.0,0.05,0.0,0.0,0.0,0.0,0.0,0.0,0.0,0.0,0.0,0.95,0.0,0.0,0.0,0.0,0.0,0.0,0.0,0.0,0.0,0.0,0.0,0.0,153.0,500.0,4.0,1,1,0.05,135.0,1.91,28.0,0.0,1.0,0.0,0.0,0.0,0.0,0.0,7.639878,0.0,0.0,0.0,0.0,0.0,0.0,0.0,0.0,0.0,0.0,0.0,0.0,0.0,0.0,0.0,0.0,0.0,0.0,0.0,0.0,0.0,0.0,0.0,0.0,1450.0
69cd302e29cce59b64a177d2,69cd302e29cce59b64a177d2,0.0,0.0,0.0,0.0,0.0,0.0,0.0,0.1,0.0,0.0,0.0,0.0,0.0,0.0,0.0,0.0,0.0,0.9,0.0,0.0,0.0,0.0,0.0,0.0,0.0,0.0,0.0,0.0,0.0,0.0,134.0,500.0,4.0,1,1,0.1,135.0,1.91,28.0,0.0,1.0,0.0,0.0,0.0,0.0,0.0,7.639878,0.0,0.0,0.0,0.0,0.0,0.0,0.0,0.0,0.0,0.0,0.0,0.0,0.0,0.0,0.0,0.0,0.0,0.0,0.0,0.0,0.0,0.0,0.0,0.0,1450.0
69cd302f29cce59b64a177d5,69cd302f29cce59b64a177d5,0.0,0.0,0.0,0.0,0.0,0.0,0.0,0.0,0.0,0.0,0.0,0.0,0.0,0.0,0.0,0.0,0.0,0.8,0.0,0.0,0.0,0.0,0.2,0.0,0.0,0.0,0.0,0.0,0.0,0.0,3.8,550.0,2.0,1,1,0.2,180.0,1.2,64.0,0.0,0.0,1.0,0.0,0.0,0.0,0.0,6.1498,0.0,0.0,0.0,0.0,0.0,0.0,0.0,0.0,0.0,0.0,0.0,0.0,0.0,0.0,0.0,0.0,0.0,0.0,0.0,0.0,0.0,0.0,0.0,0.0,594.0
69cd302f29cce59b64a177d5,69cd302f29cce59b64a177d5,0.0,0.0,0.0,0.0,0.0,0.0,0.0,0.0,0.0,0.0,0.0,0.0,0.0,0.0,0.0,0.0,0.0,0.8,0.0,0.0,0.0,0.0,0.2,0.0,0.0,0.0,0.0,0.0,0.0,0.0,3.8,550.0,2.0,1,1,0.2,180.0,1.2,64.0,0.0,0.0,1.0,0.0,0.0,0.0,0.0,6.1498,0.0,0.0,0.0,0.0,0.0,0.0,0.0,0.0,0.0,0.0,0.0,0.0,0.0,0.0,0.0,0.0,0.0,0.0,0.0,0.0,0.0,0.0,0.0,0.0,304.0
69cd303029cce59b64a177d8,69cd303029cce59b64a177d8,0.0,0.0,0.0,0.0,0.0,0.0,0.0,0.0,0.0,0.0,0.0,0.0,0.0,0.0,0.0,0.0,0.0,0.9,0.0,0.0,0.0,0.0,0.1,0.0,0.0,0.0,0.0,0.0,0.0,0.0,4.2,550.0,2.0,1,1,0.1,180.0,1.2,64.0,0.0,0.0,1.0,0.0,0.0,0.0,0.0,6.1498,0.0,0.0,0.0,0.0,0.0,0.0,0.0,0.0,0.0,0.0,0.0,0.0,0.0,0.0,0.0,0.0,0.0,0.0,0.0,0.0,0.0,0.0,0.0,0.0,762.0
69cd303029cce59b64a177d8,69cd303029cce59b64a177d8,0.0,0.0,0.0,0.0,0.0,0.0,0.0,0.0,0.0,0.0,0.0,0.0,0.0,0.0,0.0,0.0,0.0,0.9,0.0,0.0,0.0,0.0,0.1,0.0,0.0,0.0,0.0,0.0,0.0,0.0,4.2,550.0,2.0,1,1,0.1,180.0,1.2,64.0,0.0,0.0,1.0,0.0,0.0,0.0,0.0,6.1498,0.0,0.0,0.0,0.0,0.0,0.0,0.0,0.0,0.0,0.0,0.0,0.0,0.0,0.0,0.0,0.0,0.0,0.0,0.0,0.0,0.0,0.0,0.0,0.0,270.0
69cd303029cce59b64a177db,69cd303029cce59b64a177db,0.0,0.0,0.0,0.0,0.0,0.0,0.0,0.0,0.0,0.0,0.0,0.0,0.0,0.0,0.0,0.0,0.0,0.7,0.0,0.0,0.0,0.0,0.3,0.0,0.0,0.0,0.0,0.0,0.0,0.0,4.0,550.0,2.0,1,1,0.3,180.0,1.2,64.0,0.0,0.0,1.0,0.0,0.0,0.0,0.0,6.1498,0.0,0.0,0.0,0.0,0.0,0.0,0.0,0.0,0.0,0.0,0.0,0.0,0.0,0.0,0.0,0.0,0.0,0.0,0.0,0.0,0.0,0.0,0.0,0.0,570.0
69cd303029cce59b64a177db,69cd303029cce59b64a177db,0.0,0.0,0.0,0.0,0.0,0.0,0.0,0.0,0.0,0.0,0.0,0.0,0.0,0.0,0.0,0.0,0.0,0.7,0.0,0.0,0.0,0.0,0.3,0.0,0.0,0.0,0.0,0.0,0.0,0.0,4.0,550.0,2.0,1,1,0.3,180.0,1.2,64.0,0.0,0.0,1.0,0.0,0.0,0.0,0.0,6.1498,0.0,0.0,0.0,0.0,0.0,0.0,0.0,0.0,0.0,0.0,0.0,0.0,0.0,0.0,0.0,0.0,0.0,0.0,0.0,0.0,0.0,0.0,0.0,0.0,271.0
69cd303329cce59b64a177e4,69cd303329cce59b64a177e4,0.0,0.0,0.0,0.0,0.0,0.0,0.0,0.0,0.0,0.0,0.0,0.0,0.0,0.1,0.0,0.0,0.0,0.9,0.0,0.0,0.0,0.0,0.0,0.0,0.0,0.0,0.0,0.0,0.0,0.0,92.0,550.0,0.167,1,1,0.1,155.0,1.33,40.0,0.0,0.0,0.0,1.0,0.0,0.0,0.0,6.634126,0.0,0.0,0.0,0.0,0.0,0.0,0.0,0.0,0.0,0.0,0.0,0.0,0.0,0.0,0.0,0.0,0.0,0.0,0.0,0.0,0.0,0.0,0.0,0.0,142.0
69cd303329cce59b64a177e6,69cd303329cce59b64a177e6,0.0,0.0,0.0,0.0,0.0,0.0,0.0,0.0,0.0,0.0,0.0,0.0,0.0,0.0,0.0,0.0,0.0,0.9,0.0,0.0,0.0,0.0,0.1,0.0,0.0,0.0,0.0,0.0,0.0,0.0,88.0,550.0,0.167,1,1,0.1,180.0,1.2,64.0,0.0,0.0,1.0,0.0,0.0,0.0,0.0,6.1498,0.0,0.0,0.0,0.0,0.0,0.0,0.0,0.0,0.0,0.0,0.0,0.0,0.0,0.0,0.0,0.0,0.0,0.0,0.0,0.0,0.0,0.0,0.0,0.0,140.0
69cd303429cce59b64a177e8,69cd303429cce59b64a177e8,0.0,0.0,0.0,0.0,0.0,0.0,0.0,0.0,0.0,0.0,0.0,0.0,0.0,0.0,0.0,0.0,0.0,0.9,0.1,0.0,0.0,0.0,0.0,0.0,0.0,0.0,0.0,0.0,0.0,0.0,91.0,550.0,0.167,1,1,0.1,185.0,1.13,59.0,0.0,0.0,1.0,0.0,0.0,0.0,0.0,5.4702,0.0,0.0,0.0,0.0,0.0,0.0,0.0,0.0,0.0,0.0,0.0,0.0,0.0,0.0,0.0,0.0,0.0,0.0,0.0,0.0,0.0,0.0,0.0,0.0,234.0
69cd303429cce59b64a177ea,69cd303429cce59b64a177ea,0.0,0.0,0.0,0.0,0.0,0.0,0.0,0.0,0.0,0.0,0.0,0.0,0.0,0.0,0.0,0.0,0.0,0.9,0.0,0.0,0.0,0.0,0.0,0.1,0.0,0.0,0.0,0.0,0.0,0.0,86.0,550.0,0.167,1,1,0.1,175.0,1.21,65.0,0.0,0.0,1.0,0.0,0.0,0.0,0.0,5.8638,0.0,0.0,0.0,0.0,0.0,0.0,0.0,0.0,0.0,0.0,0.0,0.0,0.0,0.0,0.0,0.0,0.0,0.0,0.0,0.0,0.0,0.0,0.0,0.0,128.0
69cd303529cce59b64a177ec,69cd303529cce59b64a177ec,0.0,0.0,0.0,0.0,0.0,0.0,0.0,0.0,0.0,0.0,0.0,0.0,0.0,0.0,0.0,0.0,0.0,1.0,0.0,0.0,0.0,0.0,0.0,0.0,0.0,0.0,0.0,0.0,0.0,0.0,90.0,550.0,0.167,1,0,0.0,0.0,0.0,0.0,0.0,0.0,0.0,0.0,0.0,0.0,0.0,0.0,0.0,0.0,0.0,0.0,0.0,0.0,0.0,0.0,0.0,0.0,0.0,0.0,0.0,0.0,0.0,0.0,0.0,0.0,0.0,0.0,0.0,0.0,0.0,0.0,120.0
69cd303929cce59b64a177fd,69cd303929cce59b64a177fd,0.0,0.0,0.0,0.0,0.0,0.0,0.0,0.0,0.0,0.0,0.0,0.0,0.0,0.0,0.0,0.0,0.0,0.95,0.05,0.0,0.0,0.0,0.0,0.0,0.0,0.0,0.0,0.0,0.0,0.0,49.6,600.0,5.0,1,1,0.05,185.0,1.13,59.0,0.0,0.0,1.0,0.0,0.0,0.0,0.0,5.4702,0.0,0.0,0.0,0.0,0.0,0.0,0.0,0.0,0.0,0.0,0.0,0.0,0.0,0.0,0.0,0.0,0.0,0.0,0.0,0.0,0.0,0.0,0.0,0.0,63.0
69cd303929cce59b64a177fd,69cd303929cce59b64a177fd,0.0,0.0,0.0,0.0,0.0,0.0,0.0,0.0,0.0,0.0,0.0,0.0,0.0,0.0,0.0,0.0,0.0,0.95,0.05,0.0,0.0,0.0,0.0,0.0,0.0,0.0,0.0,0.0,0.0,0.0,49.6,600.0,5.0,1,1,0.05,185.0,1.13,59.0,0.0,0.0,1.0,0.0,0.0,0.0,0.0,5.4702,0.0,0.0,0.0,0.0,0.0,0.0,0.0,0.0,0.0,0.0,0.0,0.0,0.0,0.0,0.0,0.0,0.0,0.0,0.0,0.0,0.0,0.0,0.0,0.0,147.0
69cd303929cce59b64a177fd,69cd303929cce59b64a177fd,0.0,0.0,0.0,0.0,0.0,0.0,0.0,0.0,0.0,0.0,0.0,0.0,0.0,0.0,0.0,0.0,0.0,0.95,0.05,0.0,0.0,0.0,0.0,0.0,0.0,0.0,0.0,0.0,0.0,0.0,49.6,600.0,5.0,1,1,0.05,185.0,1.13,59.0,0.0,0.0,1.0,0.0,0.0,0.0,0.0,5.4702,0.0,0.0,0.0,0.0,0.0,0.0,0.0,0.0,0.0,0.0,0.0,0.0,0.0,0.0,0.0,0.0,0.0,0.0,0.0,0.0,0.0,0.0,0.0,0.0,1543.0
69cd303a29cce59b64a17802,69cd303a29cce59b64a17802,0.0,0.0,0.0,0.0,0.0,0.0,0.0,0.0,0.0,0.0,0.0,0.0,0.0,0.0,0.0,0.0,0.0,0.95,0.05,0.0,0.0,0.0,0.0,0.0,0.0,0.0,0.0,0.0,0.0,0.0,10.9,750.0,5.0,1,1,0.05,185.0,1.13,59.0,0.0,0.0,1.0,0.0,0.0,0.0,0.0,5.4702,0.0,0.0,0.0,0.0,0.0,0.0,0.0,0.0,0.0,0.0,0.0,0.0,0.0,0.0,0.0,0.0,0.0,0.0,0.0,0.0,0.0,0.0,0.0,0.0,76.0
69cd303a29cce59b64a17802,69cd303a29cce59b64a17802,0.0,0.0,0.0,0.0,0.0,0.0,0.0,0.0,0.0,0.0,0.0,0.0,0.0,0.0,0.0,0.0,0.0,0.95,0.05,0.0,0.0,0.0,0.0,0.0,0.0,0.0,0.0,0.0,0.0,0.0,10.9,750.0,5.0,1,1,0.05,185.0,1.13,59.0,0.0,0.0,1.0,0.0,0.0,0.0,0.0,5.4702,0.0,0.0,0.0,0.0,0.0,0.0,0.0,0.0,0.0,0.0,0.0,0.0,0.0,0.0,0.0,0.0,0.0,0.0,0.0,0.0,0.0,0.0,0.0,0.0,165.0
69cd303a29cce59b64a17802,69cd303a29cce59b64a17802,0.0,0.0,0.0,0.0,0.0,0.0,0.0,0.0,0.0,0.0,0.0,0.0,0.0,0.0,0.0,0.0,0.0,0.95,0.05,0.0,0.0,0.0,0.0,0.0,0.0,0.0,0.0,0.0,0.0,0.0,10.9,750.0,5.0,1,1,0.05,185.0,1.13,59.0,0.0,0.0,1.0,0.0,0.0,0.0,0.0,5.4702,0.0,0.0,0.0,0.0,0.0,0.0,0.0,0.0,0.0,0.0,0.0,0.0,0.0,0.0,0.0,0.0,0.0,0.0,0.0,0.0,0.0,0.0,0.0,0.0,911.0
69cd303b29cce59b64a17807,69cd303b29cce59b64a17807,0.0,0.0,0.0,0.0,0.0,0.0,0.0,0.0,0.0,0.0,0.0,0.0,0.0,0.0,0.0,0.0,0.0,0.95,0.05,0.0,0.0,0.0,0.0,0.0,0.0,0.0,0.0,0.0,0.0,0.0,5.51,900.0,5.0,1,1,0.05,185.0,1.13,59.0,0.0,0.0,1.0,0.0,0.0,0.0,0.0,5.4702,0.0,0.0,0.0,0.0,0.0,0.0,0.0,0.0,0.0,0.0,0.0,0.0,0.0,0.0,0.0,0.0,0.0,0.0,0.0,0.0,0.0,0.0,0.0,0.0,56.0
69cd303b29cce59b64a17807,69cd303b29cce59b64a17807,0.0,0.0,0.0,0.0,0.0,0.0,0.0,0.0,0.0,0.0,0.0,0.0,0.0,0.0,0.0,0.0,0.0,0.95,0.05,0.0,0.0,0.0,0.0,0.0,0.0,0.0,0.0,0.0,0.0,0.0,5.51,900.0,5.0,1,1,0.05,185.0,1.13,59.0,0.0,0.0,1.0,0.0,0.0,0.0,0.0,5.4702,0.0,0.0,0.0,0.0,0.0,0.0,0.0,0.0,0.0,0.0,0.0,0.0,0.0,0.0,0.0,0.0,0.0,0.0,0.0,0.0,0.0,0.0,0.0,0.0,149.0
69cd303b29cce59b64a17807,69cd303b29cce59b64a17807,0.0,0.0,0.0,0.0,0.0,0.0,0.0,0.0,0.0,0.0,0.0,0.0,0.0,0.0,0.0,0.0,0.0,0.95,0.05,0.0,0.0,0.0,0.0,0.0,0.0,0.0,0.0,0.0,0.0,0.0,5.51,900.0,5.0,1,1,0.05,185.0,1.13,59.0,0.0,0.0,1.0,0.0,0.0,0.0,0.0,5.4702,0.0,0.0,0.0,0.0,0.0,0.0,0.0,0.0,0.0,0.0,0.0,0.0,0.0,0.0,0.0,0.0,0.0,0.0,0.0,0.0,0.0,0.0,0.0,0.0,634.0
69cd303c29cce59b64a1780c,69cd303c29cce59b64a1780c,0.0,0.0,0.0,0.0,0.0,0.0,0.0,0.0,0.0,0.0,0.0,0.0,0.0,0.05,0.0,0.0,0.0,0.95,0.0,0.0,0.0,0.0,0.0,0.0,0.0,0.0,0.0,0.0,0.0,0.0,44.1,600.0,5.0,1,1,0.05,155.0,1.33,40.0,0.0,0.0,0.0,1.0,0.0,0.0,0.0,6.634126,0.0,0.0,0.0,0.0,0.0,0.0,0.0,0.0,0.0,0.0,0.0,0.0,0.0,0.0,0.0,0.0,0.0,0.0,0.0,0.0,0.0,0.0,0.0,0.0,82.0
69cd303c29cce59b64a1780c,69cd303c29cce59b64a1780c,0.0,0.0,0.0,0.0,0.0,0.0,0.0,0.0,0.0,0.0,0.0,0.0,0.0,0.05,0.0,0.0,0.0,0.95,0.0,0.0,0.0,0.0,0.0,0.0,0.0,0.0,0.0,0.0,0.0,0.0,44.1,600.0,5.0,1,1,0.05,155.0,1.33,40.0,0.0,0.0,0.0,1.0,0.0,0.0,0.0,6.634126,0.0,0.0,0.0,0.0,0.0,0.0,0.0,0.0,0.0,0.0,0.0,0.0,0.0,0.0,0.0,0.0,0.0,0.0,0.0,0.0,0.0,0.0,0.0,0.0,202.0
69cd303c29cce59b64a1780c,69cd303c29cce59b64a1780c,0.0,0.0,0.0,0.0,0.0,0.0,0.0,0.0,0.0,0.0,0.0,0.0,0.0,0.05,0.0,0.0,0.0,0.95,0.0,0.0,0.0,0.0,0.0,0.0,0.0,0.0,0.0,0.0,0.0,0.0,44.1,600.0,5.0,1,1,0.05,155.0,1.33,40.0,0.0,0.0,0.0,1.0,0.0,0.0,0.0,6.634126,0.0,0.0,0.0,0.0,0.0,0.0,0.0,0.0,0.0,0.0,0.0,0.0,0.0,0.0,0.0,0.0,0.0,0.0,0.0,0.0,0.0,0.0,0.0,0.0,1141.0
69cd303d29cce59b64a17811,69cd303d29cce59b64a17811,0.0,0.0,0.0,0.0,0.0,0.0,0.0,0.0,0.0,0.0,0.0,0.0,0.0,0.05,0.0,0.0,0.0,0.95,0.0,0.0,0.0,0.0,0.0,0.0,0.0,0.0,0.0,0.0,0.0,0.0,14.8,750.0,5.0,1,1,0.05,155.0,1.33,40.0,0.0,0.0,0.0,1.0,0.0,0.0,0.0,6.634126,0.0,0.0,0.0,0.0,0.0,0.0,0.0,0.0,0.0,0.0,0.0,0.0,0.0,0.0,0.0,0.0,0.0,0.0,0.0,0.0,0.0,0.0,0.0,0.0,55.0
69cd303d29cce59b64a17811,69cd303d29cce59b64a17811,0.0,0.0,0.0,0.0,0.0,0.0,0.0,0.0,0.0,0.0,0.0,0.0,0.0,0.05,0.0,0.0,0.0,0.95,0.0,0.0,0.0,0.0,0.0,0.0,0.0,0.0,0.0,0.0,0.0,0.0,14.8,750.0,5.0,1,1,0.05,155.0,1.33,40.0,0.0,0.0,0.0,1.0,0.0,0.0,0.0,6.634126,0.0,0.0,0.0,0.0,0.0,0.0,0.0,0.0,0.0,0.0,0.0,0.0,0.0,0.0,0.0,0.0,0.0,0.0,0.0,0.0,0.0,0.0,0.0,0.0,123.0
69cd303d29cce59b64a17811,69cd303d29cce59b64a17811,0.0,0.0,0.0,0.0,0.0,0.0,0.0,0.0,0.0,0.0,0.0,0.0,0.0,0.05,0.0,0.0,0.0,0.95,0.0,0.0,0.0,0.0,0.0,0.0,0.0,0.0,0.0,0.0,0.0,0.0,14.8,750.0,5.0,1,1,0.05,155.0,1.33,40.0,0.0,0.0,0.0,1.0,0.0,0.0,0.0,6.634126,0.0,0.0,0.0,0.0,0.0,0.0,0.0,0.0,0.0,0.0,0.0,0.0,0.0,0.0,0.0,0.0,0.0,0.0,0.0,0.0,0.0,0.0,0.0,0.0,770.0
69cd303e29cce59b64a17816,69cd303e29cce59b64a17816,0.0,0.0,0.0,0.0,0.0,0.0,0.0,0.0,0.0,0.0,0.0,0.0,0.0,0.05,0.0,0.0,0.0,0.95,0.0,0.0,0.0,0.0,0.0,0.0,0.0,0.0,0.0,0.0,0.0,0.0,10.6,900.0,5.0,1,1,0.05,155.0,1.33,40.0,0.0,0.0,0.0,1.0,0.0,0.0,0.0,6.634126,0.0,0.0,0.0,0.0,0.0,0.0,0.0,0.0,0.0,0.0,0.0,0.0,0.0,0.0,0.0,0.0,0.0,0.0,0.0,0.0,0.0,0.0,0.0,0.0,38.0
69cd303e29cce59b64a17816,69cd303e29cce59b64a17816,0.0,0.0,0.0,0.0,0.0,0.0,0.0,0.0,0.0,0.0,0.0,0.0,0.0,0.05,0.0,0.0,0.0,0.95,0.0,0.0,0.0,0.0,0.0,0.0,0.0,0.0,0.0,0.0,0.0,0.0,10.6,900.0,5.0,1,1,0.05,155.0,1.33,40.0,0.0,0.0,0.0,1.0,0.0,0.0,0.0,6.634126,0.0,0.0,0.0,0.0,0.0,0.0,0.0,0.0,0.0,0.0,0.0,0.0,0.0,0.0,0.0,0.0,0.0,0.0,0.0,0.0,0.0,0.0,0.0,0.0,80.0
69cd303e29cce59b64a17816,69cd303e29cce59b64a17816,0.0,0.0,0.0,0.0,0.0,0.0,0.0,0.0,0.0,0.0,0.0,0.0,0.0,0.05,0.0,0.0,0.0,0.95,0.0,0.0,0.0,0.0,0.0,0.0,0.0,0.0,0.0,0.0,0.0,0.0,10.6,900.0,5.0,1,1,0.05,155.0,1.33,40.0,0.0,0.0,0.0,1.0,0.0,0.0,0.0,6.634126,0.0,0.0,0.0,0.0,0.0,0.0,0.0,0.0,0.0,0.0,0.0,0.0,0.0,0.0,0.0,0.0,0.0,0.0,0.0,0.0,0.0,0.0,0.0,0.0,536.0
69cd303f29cce59b64a1781b,69cd303f29cce59b64a1781b,0.0,0.0,0.0,0.0,0.0,0.0,0.0,0.0,0.0,0.0,0.0,0.0,0.0,0.0,0.0,0.0,0.0,1.0,0.0,0.0,0.0,0.0,0.0,0.0,0.0,0.0,0.0,0.0,0.0,0.0,53.8,600.0,5.0,1,0,0.0,0.0,0.0,0.0,0.0,0.0,0.0,0.0,0.0,0.0,0.0,0.0,0.0,0.0,0.0,0.0,0.0,0.0,0.0,0.0,0.0,0.0,0.0,0.0,0.0,0.0,0.0,0.0,0.0,0.0,0.0,0.0,0.0,0.0,0.0,0.0,48.0
69cd303f29cce59b64a1781b,69cd303f29cce59b64a1781b,0.0,0.0,0.0,0.0,0.0,0.0,0.0,0.0,0.0,0.0,0.0,0.0,0.0,0.0,0.0,0.0,0.0,1.0,0.0,0.0,0.0,0.0,0.0,0.0,0.0,0.0,0.0,0.0,0.0,0.0,53.8,600.0,5.0,1,0,0.0,0.0,0.0,0.0,0.0,0.0,0.0,0.0,0.0,0.0,0.0,0.0,0.0,0.0,0.0,0.0,0.0,0.0,0.0,0.0,0.0,0.0,0.0,0.0,0.0,0.0,0.0,0.0,0.0,0.0,0.0,0.0,0.0,0.0,0.0,0.0,123.0
69cd303f29cce59b64a1781b,69cd303f29cce59b64a1781b,0.0,0.0,0.0,0.0,0.0,0.0,0.0,0.0,0.0,0.0,0.0,0.0,0.0,0.0,0.0,0.0,0.0,1.0,0.0,0.0,0.0,0.0,0.0,0.0,0.0,0.0,0.0,0.0,0.0,0.0,53.8,600.0,5.0,1,0,0.0,0.0,0.0,0.0,0.0,0.0,0.0,0.0,0.0,0.0,0.0,0.0,0.0,0.0,0.0,0.0,0.0,0.0,0.0,0.0,0.0,0.0,0.0,0.0,0.0,0.0,0.0,0.0,0.0,0.0,0.0,0.0,0.0,0.0,0.0,0.0,1273.0
69cd304029cce59b64a17820,69cd304029cce59b64a17820,0.0,0.0,0.0,0.0,0.0,0.0,0.0,0.0,0.0,0.0,0.0,0.0,0.0,0.0,0.0,0.0,0.0,1.0,0.0,0.0,0.0,0.0,0.0,0.0,0.0,0.0,0.0,0.0,0.0,0.0,8.01,750.0,5.0,1,0,0.0,0.0,0.0,0.0,0.0,0.0,0.0,0.0,0.0,0.0,0.0,0.0,0.0,0.0,0.0,0.0,0.0,0.0,0.0,0.0,0.0,0.0,0.0,0.0,0.0,0.0,0.0,0.0,0.0,0.0,0.0,0.0,0.0,0.0,0.0,0.0,27.0
69cd304029cce59b64a17820,69cd304029cce59b64a17820,0.0,0.0,0.0,0.0,0.0,0.0,0.0,0.0,0.0,0.0,0.0,0.0,0.0,0.0,0.0,0.0,0.0,1.0,0.0,0.0,0.0,0.0,0.0,0.0,0.0,0.0,0.0,0.0,0.0,0.0,8.01,750.0,5.0,1,0,0.0,0.0,0.0,0.0,0.0,0.0,0.0,0.0,0.0,0.0,0.0,0.0,0.0,0.0,0.0,0.0,0.0,0.0,0.0,0.0,0.0,0.0,0.0,0.0,0.0,0.0,0.0,0.0,0.0,0.0,0.0,0.0,0.0,0.0,0.0,0.0,85.0
69cd304029cce59b64a17820,69cd304029cce59b64a17820,0.0,0.0,0.0,0.0,0.0,0.0,0.0,0.0,0.0,0.0,0.0,0.0,0.0,0.0,0.0,0.0,0.0,1.0,0.0,0.0,0.0,0.0,0.0,0.0,0.0,0.0,0.0,0.0,0.0,0.0,8.01,750.0,5.0,1,0,0.0,0.0,0.0,0.0,0.0,0.0,0.0,0.0,0.0,0.0,0.0,0.0,0.0,0.0,0.0,0.0,0.0,0.0,0.0,0.0,0.0,0.0,0.0,0.0,0.0,0.0,0.0,0.0,0.0,0.0,0.0,0.0,0.0,0.0,0.0,0.0,1063.0
69cd304129cce59b64a17825,69cd304129cce59b64a17825,0.0,0.0,0.0,0.0,0.0,0.0,0.0,0.0,0.0,0.0,0.0,0.0,0.0,0.0,0.0,0.0,0.0,1.0,0.0,0.0,0.0,0.0,0.0,0.0,0.0,0.0,0.0,0.0,0.0,0.0,10.6,900.0,5.0,1,0,0.0,0.0,0.0,0.0,0.0,0.0,0.0,0.0,0.0,0.0,0.0,0.0,0.0,0.0,0.0,0.0,0.0,0.0,0.0,0.0,0.0,0.0,0.0,0.0,0.0,0.0,0.0,0.0,0.0,0.0,0.0,0.0,0.0,0.0,0.0,0.0,19.0
69cd304129cce59b64a17825,69cd304129cce59b64a17825,0.0,0.0,0.0,0.0,0.0,0.0,0.0,0.0,0.0,0.0,0.0,0.0,0.0,0.0,0.0,0.0,0.0,1.0,0.0,0.0,0.0,0.0,0.0,0.0,0.0,0.0,0.0,0.0,0.0,0.0,10.6,900.0,5.0,1,0,0.0,0.0,0.0,0.0,0.0,0.0,0.0,0.0,0.0,0.0,0.0,0.0,0.0,0.0,0.0,0.0,0.0,0.0,0.0,0.0,0.0,0.0,0.0,0.0,0.0,0.0,0.0,0.0,0.0,0.0,0.0,0.0,0.0,0.0,0.0,0.0,34.0
69cd304129cce59b64a17825,69cd304129cce59b64a17825,0.0,0.0,0.0,0.0,0.0,0.0,0.0,0.0,0.0,0.0,0.0,0.0,0.0,0.0,0.0,0.0,0.0,1.0,0.0,0.0,0.0,0.0,0.0,0.0,0.0,0.0,0.0,0.0,0.0,0.0,10.6,900.0,5.0,1,0,0.0,0.0,0.0,0.0,0.0,0.0,0.0,0.0,0.0,0.0,0.0,0.0,0.0,0.0,0.0,0.0,0.0,0.0,0.0,0.0,0.0,0.0,0.0,0.0,0.0,0.0,0.0,0.0,0.0,0.0,0.0,0.0,0.0,0.0,0.0,0.0,863.0
69cd304429cce59b64a17831,69cd304429cce59b64a17831,0.0,0.0,0.0,0.0,0.0,0.0,0.0,0.0,0.0,0.0,0.0,0.0,0.0,0.0,0.0,0.0,0.0,0.97,0.0,0.0,0.0,0.0,0.0,0.0,0.0,0.0,0.0,0.03,0.0,0.0,97.709,500.0,2.0,1,1,0.03,155.0,1.3,72.0,0.0,0.0,0.0,1.0,0.0,0.0,0.0,6.82507,0.0,0.0,0.0,0.0,0.0,0.0,0.0,0.0,0.0,0.0,0.0,0.0,0.0,0.0,0.0,0.0,0.0,0.0,0.0,0.0,0.0,0.0,0.0,0.0,580.0
69cd304529cce59b64a17834,69cd304529cce59b64a17834,0.0,0.0,0.0,0.0,0.0,0.0,0.0,0.0,0.0,0.0,0.0,0.0,0.0,0.0,0.0,0.0,0.0,0.9,0.0,0.0,0.0,0.0,0.0,0.0,0.0,0.0,0.0,0.1,0.0,0.0,73.506,500.0,2.0,0,1,0.1,155.0,1.3,72.0,0.0,0.0,0.0,1.0,0.0,0.0,0.0,6.82507,0.0,0.0,0.0,0.0,0.0,0.0,0.0,0.0,0.0,0.0,0.0,0.0,0.0,0.0,0.0,0.0,0.0,0.0,0.0,0.0,0.0,0.0,0.0,0.0,686.0
69cd304629cce59b64a17837,69cd304629cce59b64a17837,0.0,0.0,0.0,0.0,0.0,0.0,0.0,0.0,0.0,0.0,0.0,0.0,0.0,0.0,0.0,0.01,0.0,0.99,0.0,0.0,0.0,0.0,0.0,0.0,0.0,0.0,0.0,0.0,0.0,0.0,71.282,500.0,2.0,1,1,0.01,145.0,1.96,50.0,0.0,1.0,0.0,1.0,0.0,0.0,0.0,7.343918,0.0,0.0,0.0,0.0,0.0,0.0,0.0,0.0,0.0,0.0,0.0,0.0,0.0,0.0,0.0,0.0,0.0,0.0,0.0,0.0,0.0,0.0,0.0,0.0,420.0
69cd304629cce59b64a1783a,69cd304629cce59b64a1783a,0.0,0.0,0.0,0.0,0.0,0.0,0.0,0.0,0.0,0.0,0.0,0.0,0.0,0.0,0.0,0.03,0.0,0.97,0.0,0.0,0.0,0.0,0.0,0.0,0.0,0.0,0.0,0.0,0.0,0.0,79.653,500.0,2.0,1,1,0.03,145.0,1.96,50.0,0.0,1.0,0.0,1.0,0.0,0.0,0.0,7.343918,0.0,0.0,0.0,0.0,0.0,0.0,0.0,0.0,0.0,0.0,0.0,0.0,0.0,0.0,0.0,0.0,0.0,0.0,0.0,0.0,0.0,0.0,0.0,0.0,516.0
69cd304729cce59b64a1783d,69cd304729cce59b64a1783d,0.0,0.0,0.0,0.0,0.0,0.0,0.0,0.0,0.0,0.0,0.0,0.0,0.0,0.0,0.0,0.05,0.0,0.95,0.0,0.0,0.0,0.0,0.0,0.0,0.0,0.0,0.0,0.0,0.0,0.0,57.853,500.0,2.0,0,1,0.05,145.0,1.96,50.0,0.0,1.0,0.0,1.0,0.0,0.0,0.0,7.343918,0.0,0.0,0.0,0.0,0.0,0.0,0.0,0.0,0.0,0.0,0.0,0.0,0.0,0.0,0.0,0.0,0.0,0.0,0.0,0.0,0.0,0.0,0.0,0.0,492.0
69cd304829cce59b64a17840,69cd304829cce59b64a17840,0.0,0.0,0.0,0.0,0.0,0.0,0.1,0.0,0.0,0.0,0.0,0.0,0.0,0.3,0.0,0.0,0.0,0.6,0.0,0.0,0.0,0.0,0.0,0.0,0.0,0.0,0.0,0.0,0.0,0.0,34.8,500.0,3.0,1,2,0.3,155.0,1.33,40.0,0.0,0.0,0.0,1.0,0.0,0.0,0.0,6.634126,0.1,135.0,1.88,27.0,0.0,1.0,1.0,0.0,0.0,0.0,0.0,7.88101,0.0,0.0,0.0,0.0,0.0,0.0,0.0,0.0,0.0,0.0,0.0,0.0,109.0
69cd304829cce59b64a17840,69cd304829cce59b64a17840,0.0,0.0,0.0,0.0,0.0,0.0,0.1,0.0,0.0,0.0,0.0,0.0,0.0,0.3,0.0,0.0,0.0,0.6,0.0,0.0,0.0,0.0,0.0,0.0,0.0,0.0,0.0,0.0,0.0,0.0,34.8,500.0,3.0,1,2,0.3,155.0,1.33,40.0,0.0,0.0,0.0,1.0,0.0,0.0,0.0,6.634126,0.1,135.0,1.88,27.0,0.0,1.0,1.0,0.0,0.0,0.0,0.0,7.88101,0.0,0.0,0.0,0.0,0.0,0.0,0.0,0.0,0.0,0.0,0.0,0.0,381.0
69cd304829cce59b64a17840,69cd304829cce59b64a17840,0.0,0.0,0.0,0.0,0.0,0.0,0.1,0.0,0.0,0.0,0.0,0.0,0.0,0.3,0.0,0.0,0.0,0.6,0.0,0.0,0.0,0.0,0.0,0.0,0.0,0.0,0.0,0.0,0.0,0.0,34.8,500.0,3.0,1,2,0.3,155.0,1.33,40.0,0.0,0.0,0.0,1.0,0.0,0.0,0.0,6.634126,0.1,135.0,1.88,27.0,0.0,1.0,1.0,0.0,0.0,0.0,0.0,7.88101,0.0,0.0,0.0,0.0,0.0,0.0,0.0,0.0,0.0,0.0,0.0,0.0,633.0
69cd304829cce59b64a17840,69cd304829cce59b64a17840,0.0,0.0,0.0,0.0,0.0,0.0,0.1,0.0,0.0,0.0,0.0,0.0,0.0,0.3,0.0,0.0,0.0,0.6,0.0,0.0,0.0,0.0,0.0,0.0,0.0,0.0,0.0,0.0,0.0,0.0,34.8,500.0,3.0,1,2,0.3,155.0,1.33,40.0,0.0,0.0,0.0,1.0,0.0,0.0,0.0,6.634126,0.1,135.0,1.88,27.0,0.0,1.0,1.0,0.0,0.0,0.0,0.0,7.88101,0.0,0.0,0.0,0.0,0.0,0.0,0.0,0.0,0.0,0.0,0.0,0.0,787.0
69cd304929cce59b64a17846,69cd304929cce59b64a17846,0.0,0.0,0.0,0.0,0.0,0.0,0.0,0.0,0.0,0.0,0.0,0.0,0.0,0.33,0.0,0.0,0.0,0.67,0.0,0.0,0.0,0.0,0.0,0.0,0.0,0.0,0.0,0.0,0.0,0.0,52.7,500.0,3.0,1,1,0.33,155.0,1.33,40.0,0.0,0.0,0.0,1.0,0.0,0.0,0.0,6.634126,0.0,0.0,0.0,0.0,0.0,0.0,0.0,0.0,0.0,0.0,0.0,0.0,0.0,0.0,0.0,0.0,0.0,0.0,0.0,0.0,0.0,0.0,0.0,0.0,10.0
69cd304929cce59b64a17846,69cd304929cce59b64a17846,0.0,0.0,0.0,0.0,0.0,0.0,0.0,0.0,0.0,0.0,0.0,0.0,0.0,0.33,0.0,0.0,0.0,0.67,0.0,0.0,0.0,0.0,0.0,0.0,0.0,0.0,0.0,0.0,0.0,0.0,52.7,500.0,3.0,1,1,0.33,155.0,1.33,40.0,0.0,0.0,0.0,1.0,0.0,0.0,0.0,6.634126,0.0,0.0,0.0,0.0,0.0,0.0,0.0,0.0,0.0,0.0,0.0,0.0,0.0,0.0,0.0,0.0,0.0,0.0,0.0,0.0,0.0,0.0,0.0,0.0,29.0
69cd304929cce59b64a17846,69cd304929cce59b64a17846,0.0,0.0,0.0,0.0,0.0,0.0,0.0,0.0,0.0,0.0,0.0,0.0,0.0,0.33,0.0,0.0,0.0,0.67,0.0,0.0,0.0,0.0,0.0,0.0,0.0,0.0,0.0,0.0,0.0,0.0,52.7,500.0,3.0,1,1,0.33,155.0,1.33,40.0,0.0,0.0,0.0,1.0,0.0,0.0,0.0,6.634126,0.0,0.0,0.0,0.0,0.0,0.0,0.0,0.0,0.0,0.0,0.0,0.0,0.0,0.0,0.0,0.0,0.0,0.0,0.0,0.0,0.0,0.0,0.0,0.0,288.0
69cd304929cce59b64a17846,69cd304929cce59b64a17846,0.0,0.0,0.0,0.0,0.0,0.0,0.0,0.0,0.0,0.0,0.0,0.0,0.0,0.33,0.0,0.0,0.0,0.67,0.0,0.0,0.0,0.0,0.0,0.0,0.0,0.0,0.0,0.0,0.0,0.0,52.7,500.0,3.0,1,1,0.33,155.0,1.33,40.0,0.0,0.0,0.0,1.0,0.0,0.0,0.0,6.634126,0.0,0.0,0.0,0.0,0.0,0.0,0.0,0.0,0.0,0.0,0.0,0.0,0.0,0.0,0.0,0.0,0.0,0.0,0.0,0.0,0.0,0.0,0.0,0.0,710.0
69cd304e29cce59b64a1785d,69cd304e29cce59b64a1785d,0.0,0.0,0.0,0.0,0.0,0.0,0.0,0.0,0.0,0.0,0.0,0.0,0.0,0.33,0.0,0.0,0.0,0.67,0.0,0.0,0.0,0.0,0.0,0.0,0.0,0.0,0.0,0.0,0.0,0.0,56.0,500.0,5.0,1,1,0.33,155.0,1.33,40.0,0.0,0.0,0.0,1.0,0.0,0.0,0.0,6.634126,0.0,0.0,0.0,0.0,0.0,0.0,0.0,0.0,0.0,0.0,0.0,0.0,0.0,0.0,0.0,0.0,0.0,0.0,0.0,0.0,0.0,0.0,0.0,0.0,32.5
69cd304e29cce59b64a1785d,69cd304e29cce59b64a1785d,0.0,0.0,0.0,0.0,0.0,0.0,0.0,0.0,0.0,0.0,0.0,0.0,0.0,0.33,0.0,0.0,0.0,0.67,0.0,0.0,0.0,0.0,0.0,0.0,0.0,0.0,0.0,0.0,0.0,0.0,56.0,500.0,5.0,1,1,0.33,155.0,1.33,40.0,0.0,0.0,0.0,1.0,0.0,0.0,0.0,6.634126,0.0,0.0,0.0,0.0,0.0,0.0,0.0,0.0,0.0,0.0,0.0,0.0,0.0,0.0,0.0,0.0,0.0,0.0,0.0,0.0,0.0,0.0,0.0,0.0,143.4
69cd304e29cce59b64a1785d,69cd304e29cce59b64a1785d,0.0,0.0,0.0,0.0,0.0,0.0,0.0,0.0,0.0,0.0,0.0,0.0,0.0,0.33,0.0,0.0,0.0,0.67,0.0,0.0,0.0,0.0,0.0,0.0,0.0,0.0,0.0,0.0,0.0,0.0,56.0,500.0,5.0,1,1,0.33,155.0,1.33,40.0,0.0,0.0,0.0,1.0,0.0,0.0,0.0,6.634126,0.0,0.0,0.0,0.0,0.0,0.0,0.0,0.0,0.0,0.0,0.0,0.0,0.0,0.0,0.0,0.0,0.0,0.0,0.0,0.0,0.0,0.0,0.0,0.0,280.5
69cd304e29cce59b64a1785d,69cd304e29cce59b64a1785d,0.0,0.0,0.0,0.0,0.0,0.0,0.0,0.0,0.0,0.0,0.0,0.0,0.0,0.33,0.0,0.0,0.0,0.67,0.0,0.0,0.0,0.0,0.0,0.0,0.0,0.0,0.0,0.0,0.0,0.0,56.0,500.0,5.0,1,1,0.33,155.0,1.33,40.0,0.0,0.0,0.0,1.0,0.0,0.0,0.0,6.634126,0.0,0.0,0.0,0.0,0.0,0.0,0.0,0.0,0.0,0.0,0.0,0.0,0.0,0.0,0.0,0.0,0.0,0.0,0.0,0.0,0.0,0.0,0.0,0.0,469.8
69cd304e29cce59b64a1785d,69cd304e29cce59b64a1785d,0.0,0.0,0.0,0.0,0.0,0.0,0.0,0.0,0.0,0.0,0.0,0.0,0.0,0.33,0.0,0.0,0.0,0.67,0.0,0.0,0.0,0.0,0.0,0.0,0.0,0.0,0.0,0.0,0.0,0.0,56.0,500.0,5.0,1,1,0.33,155.0,1.33,40.0,0.0,0.0,0.0,1.0,0.0,0.0,0.0,6.634126,0.0,0.0,0.0,0.0,0.0,0.0,0.0,0.0,0.0,0.0,0.0,0.0,0.0,0.0,0.0,0.0,0.0,0.0,0.0,0.0,0.0,0.0,0.0,0.0,628.0
69cd304e29cce59b64a1785d,69cd304e29cce59b64a1785d,0.0,0.0,0.0,0.0,0.0,0.0,0.0,0.0,0.0,0.0,0.0,0.0,0.0,0.33,0.0,0.0,0.0,0.67,0.0,0.0,0.0,0.0,0.0,0.0,0.0,0.0,0.0,0.0,0.0,0.0,56.0,500.0,5.0,1,1,0.33,155.0,1.33,40.0,0.0,0.0,0.0,1.0,0.0,0.0,0.0,6.634126,0.0,0.0,0.0,0.0,0.0,0.0,0.0,0.0,0.0,0.0,0.0,0.0,0.0,0.0,0.0,0.0,0.0,0.0,0.0,0.0,0.0,0.0,0.0,0.0,873.2
69cd305129cce59b64a1786b,69cd305129cce59b64a1786b,0.0,0.0,0.0,0.0,0.0,0.0,0.0,0.0,0.0,0.0,0.0,0.0,0.0,0.4,0.0,0.0,0.0,0.6,0.0,0.0,0.0,0.0,0.0,0.0,0.0,0.0,0.0,0.0,0.0,0.0,52.9,550.0,5.0,1,1,0.4,155.0,1.33,40.0,0.0,0.0,0.0,1.0,0.0,0.0,0.0,6.634126,0.0,0.0,0.0,0.0,0.0,0.0,0.0,0.0,0.0,0.0,0.0,0.0,0.0,0.0,0.0,0.0,0.0,0.0,0.0,0.0,0.0,0.0,0.0,0.0,997.0
69cd305329cce59b64a17875,69cd305329cce59b64a17875,0.0,0.0,0.0,0.0,0.0,0.0,0.0,0.0,0.0,0.0,0.0,0.0,0.0,0.0,0.0,0.0,0.0,0.896814404432133,0.0,0.0,0.0,0.0,0.10318559556786704,0.0,0.0,0.0,0.0,0.0,0.0,0.0,96.0,300.0,2.0,1,1,0.10318559556786704,180.0,1.2,64.0,0.0,0.0,1.0,0.0,0.0,0.0,0.0,6.1498,0.0,0.0,0.0,0.0,0.0,0.0,0.0,0.0,0.0,0.0,0.0,0.0,0.0,0.0,0.0,0.0,0.0,0.0,0.0,0.0,0.0,0.0,0.0,0.0,1067.0
69cd305429cce59b64a17879,69cd305429cce59b64a17879,0.0,0.0,0.0,0.0,0.0,0.0,0.0,0.0,0.0,0.0,0.0,0.0,0.0,0.0,0.0,0.0,0.0,0.92573402417962,0.0,0.0,0.0,0.07426597582037996,0.0,0.0,0.0,0.0,0.0,0.0,0.0,0.0,84.0,300.0,2.0,1,1,0.07426597582037996,185.0,1.2,63.0,0.0,1.0,1.0,0.0,0.0,0.0,0.0,5.670385,0.0,0.0,0.0,0.0,0.0,0.0,0.0,0.0,0.0,0.0,0.0,0.0,0.0,0.0,0.0,0.0,0.0,0.0,0.0,0.0,0.0,0.0,0.0,0.0,1163.0
69cd305629cce59b64a1787d,69cd305629cce59b64a1787d,0.0,0.0,0.0,0.0,0.0,0.0,0.0,0.0,0.3,0.0,0.0,0.0,0.0,0.0,0.0,0.0,0.0,0.7,0.0,0.0,0.0,0.0,0.0,0.0,0.0,0.0,0.0,0.0,0.0,0.0,62.9,550.0,4.0,0,1,0.3,135.0,1.9,29.0,0.0,1.0,0.0,0.0,0.0,0.0,0.0,7.72638,0.0,0.0,0.0,0.0,0.0,0.0,0.0,0.0,0.0,0.0,0.0,0.0,0.0,0.0,0.0,0.0,0.0,0.0,0.0,0.0,0.0,0.0,0.0,0.0,21.5
69cd305629cce59b64a1787f,69cd305629cce59b64a1787f,0.0,0.0,0.3,0.0,0.0,0.0,0.0,0.0,0.0,0.0,0.0,0.0,0.0,0.0,0.0,0.0,0.0,0.7,0.0,0.0,0.0,0.0,0.0,0.0,0.0,0.0,0.0,0.0,0.0,0.0,83.1,550.0,4.0,1,1,0.3,140.0,1.54,22.0,0.0,0.0,0.0,1.0,0.0,0.0,0.0,6.82812,0.0,0.0,0.0,0.0,0.0,0.0,0.0,0.0,0.0,0.0,0.0,0.0,0.0,0.0,0.0,0.0,0.0,0.0,0.0,0.0,0.0,0.0,0.0,0.0,12.5
69cd305729cce59b64a17881,69cd305729cce59b64a17881,0.0,0.0,0.0,0.0,0.0,0.0,0.0,0.0,0.0,0.0,0.0,0.0,0.0,0.3,0.0,0.0,0.0,0.7,0.0,0.0,0.0,0.0,0.0,0.0,0.0,0.0,0.0,0.0,0.0,0.0,109.9,550.0,4.0,1,1,0.3,155.0,1.33,40.0,0.0,0.0,0.0,1.0,0.0,0.0,0.0,6.634126,0.0,0.0,0.0,0.0,0.0,0.0,0.0,0.0,0.0,0.0,0.0,0.0,0.0,0.0,0.0,0.0,0.0,0.0,0.0,0.0,0.0,0.0,0.0,0.0,6.83
69cd305729cce59b64a17883,69cd305729cce59b64a17883,0.0,0.0,0.0,0.0,0.0,0.0,0.0,0.0,0.0,0.0,0.0,0.0,0.0,0.0,0.0,0.0,0.0,0.7,0.0,0.0,0.0,0.0,0.0,0.3,0.0,0.0,0.0,0.0,0.0,0.0,112.6,550.0,4.0,1,1,0.3,175.0,1.21,65.0,0.0,0.0,1.0,0.0,0.0,0.0,0.0,5.8638,0.0,0.0,0.0,0.0,0.0,0.0,0.0,0.0,0.0,0.0,0.0,0.0,0.0,0.0,0.0,0.0,0.0,0.0,0.0,0.0,0.0,0.0,0.0,0.0,2.37
69cd305829cce59b64a17885,69cd305829cce59b64a17885,0.0,0.0,0.0,0.0,0.1,0.0,0.0,0.0,0.0,0.0,0.0,0.0,0.0,0.0,0.0,0.0,0.0,0.9,0.0,0.0,0.0,0.0,0.0,0.0,0.0,0.0,0.0,0.0,0.0,0.0,121.0,550.0,6.0,1,1,0.1,140.0,1.55,25.0,0.0,1.0,0.0,1.0,0.0,0.0,1.0,7.434038,0.0,0.0,0.0,0.0,0.0,0.0,0.0,0.0,0.0,0.0,0.0,0.0,0.0,0.0,0.0,0.0,0.0,0.0,0.0,0.0,0.0,0.0,0.0,0.0,1250.0
69cd305929cce59b64a17888,69cd305929cce59b64a17888,0.0,0.0,0.0,0.0,0.0,0.1,0.0,0.0,0.0,0.0,0.0,0.0,0.0,0.0,0.0,0.0,0.0,0.9,0.0,0.0,0.0,0.0,0.0,0.0,0.0,0.0,0.0,0.0,0.0,0.0,100.0,550.0,6.0,1,1,0.1,140.0,1.83,26.0,0.0,1.0,1.0,0.0,0.0,0.0,0.0,7.9024681,0.0,0.0,0.0,0.0,0.0,0.0,0.0,0.0,0.0,0.0,0.0,0.0,0.0,0.0,0.0,0.0,0.0,0.0,0.0,0.0,0.0,0.0,0.0,0.0,930.0
69cd305a29cce59b64a1788b,69cd305a29cce59b64a1788b,0.0,0.0,0.0,0.0,0.0,0.0,0.1,0.0,0.0,0.0,0.0,0.0,0.0,0.0,0.0,0.0,0.0,0.9,0.0,0.0,0.0,0.0,0.0,0.0,0.0,0.0,0.0,0.0,0.0,0.0,68.0,550.0,6.0,1,1,0.1,135.0,1.88,27.0,0.0,1.0,1.0,0.0,0.0,0.0,0.0,7.88101,0.0,0.0,0.0,0.0,0.0,0.0,0.0,0.0,0.0,0.0,0.0,0.0,0.0,0.0,0.0,0.0,0.0,0.0,0.0,0.0,0.0,0.0,0.0,0.0,710.0
69cd305a29cce59b64a1788e,69cd305a29cce59b64a1788e,0.0,0.0,0.0,0.0,0.0,0.0,0.0,0.0,0.1,0.0,0.0,0.0,0.0,0.0,0.0,0.0,0.0,0.9,0.0,0.0,0.0,0.0,0.0,0.0,0.0,0.0,0.0,0.0,0.0,0.0,121.0,550.0,6.0,1,1,0.1,135.0,1.9,29.0,0.0,1.0,0.0,0.0,0.0,0.0,0.0,7.72638,0.0,0.0,0.0,0.0,0.0,0.0,0.0,0.0,0.0,0.0,0.0,0.0,0.0,0.0,0.0,0.0,0.0,0.0,0.0,0.0,0.0,0.0,0.0,0.0,1460.0
69cd305b29cce59b64a17891,69cd305b29cce59b64a17891,0.0,0.0,0.0,0.0,0.0,0.0,0.0,0.0,0.0,0.0,0.0,0.0,0.0,0.0,0.0,0.0,0.0,1.0,0.0,0.0,0.0,0.0,0.0,0.0,0.0,0.0,0.0,0.0,0.0,0.0,105.0,550.0,6.0,1,0,0.0,0.0,0.0,0.0,0.0,0.0,0.0,0.0,0.0,0.0,0.0,0.0,0.0,0.0,0.0,0.0,0.0,0.0,0.0,0.0,0.0,0.0,0.0,0.0,0.0,0.0,0.0,0.0,0.0,0.0,0.0,0.0,0.0,0.0,0.0,0.0,580.0
69cd305c29cce59b64a17894,69cd305c29cce59b64a17894,0.0,0.0,0.0,0.0,0.0,0.0,0.0,0.0,0.1,0.0,0.0,0.0,0.0,0.0,0.0,0.0,0.0,0.9,0.0,0.0,0.0,0.0,0.0,0.0,0.0,0.0,0.0,0.0,0.0,0.0,47.0,700.0,5.0,1,1,0.1,135.0,1.9,29.0,0.0,1.0,0.0,0.0,0.0,0.0,0.0,7.72638,0.0,0.0,0.0,0.0,0.0,0.0,0.0,0.0,0.0,0.0,0.0,0.0,0.0,0.0,0.0,0.0,0.0,0.0,0.0,0.0,0.0,0.0,0.0,0.0,762.5
69cd306229cce59b64a178a9,69cd306229cce59b64a178a9,0.0,0.0,0.0,0.0,0.0,0.0,0.0,0.0,0.0,0.0,0.0,0.0,0.0,0.4,0.0,0.0,0.0,0.6,0.0,0.0,0.0,0.0,0.0,0.0,0.0,0.0,0.0,0.0,0.0,0.0,48.0,740.0,5.0,1,1,0.4,155.0,1.33,40.0,0.0,0.0,0.0,1.0,0.0,0.0,0.0,6.634126,0.0,0.0,0.0,0.0,0.0,0.0,0.0,0.0,0.0,0.0,0.0,0.0,0.0,0.0,0.0,0.0,0.0,0.0,0.0,0.0,0.0,0.0,0.0,0.0,60.7
69cd306229cce59b64a178a9,69cd306229cce59b64a178a9,0.0,0.0,0.0,0.0,0.0,0.0,0.0,0.0,0.0,0.0,0.0,0.0,0.0,0.4,0.0,0.0,0.0,0.6,0.0,0.0,0.0,0.0,0.0,0.0,0.0,0.0,0.0,0.0,0.0,0.0,48.0,740.0,5.0,1,1,0.4,155.0,1.33,40.0,0.0,0.0,0.0,1.0,0.0,0.0,0.0,6.634126,0.0,0.0,0.0,0.0,0.0,0.0,0.0,0.0,0.0,0.0,0.0,0.0,0.0,0.0,0.0,0.0,0.0,0.0,0.0,0.0,0.0,0.0,0.0,0.0,219.0
69cd306229cce59b64a178ac,69cd306229cce59b64a178ac,0.0,0.0,0.0,0.0,0.0,0.0,0.0,0.0,0.0,0.0,0.0,0.0,0.0,0.3,0.0,0.0,0.0,0.7,0.0,0.0,0.0,0.0,0.0,0.0,0.0,0.0,0.0,0.0,0.0,0.0,46.5,750.0,5.0,1,1,0.3,155.0,1.33,40.0,0.0,0.0,0.0,1.0,0.0,0.0,0.0,6.634126,0.0,0.0,0.0,0.0,0.0,0.0,0.0,0.0,0.0,0.0,0.0,0.0,0.0,0.0,0.0,0.0,0.0,0.0,0.0,0.0,0.0,0.0,0.0,0.0,57.0
69cd306229cce59b64a178ac,69cd306229cce59b64a178ac,0.0,0.0,0.0,0.0,0.0,0.0,0.0,0.0,0.0,0.0,0.0,0.0,0.0,0.3,0.0,0.0,0.0,0.7,0.0,0.0,0.0,0.0,0.0,0.0,0.0,0.0,0.0,0.0,0.0,0.0,46.5,750.0,5.0,1,1,0.3,155.0,1.33,40.0,0.0,0.0,0.0,1.0,0.0,0.0,0.0,6.634126,0.0,0.0,0.0,0.0,0.0,0.0,0.0,0.0,0.0,0.0,0.0,0.0,0.0,0.0,0.0,0.0,0.0,0.0,0.0,0.0,0.0,0.0,0.0,0.0,250.0
69cd306329cce59b64a178af,69cd306329cce59b64a178af,0.0,0.0,0.0,0.0,0.0,0.0,0.0,0.0,0.0,0.0,0.0,0.0,0.0,0.2,0.0,0.0,0.0,0.8,0.0,0.0,0.0,0.0,0.0,0.0,0.0,0.0,0.0,0.0,0.0,0.0,46.0,720.0,5.0,1,1,0.2,155.0,1.33,40.0,0.0,0.0,0.0,1.0,0.0,0.0,0.0,6.634126,0.0,0.0,0.0,0.0,0.0,0.0,0.0,0.0,0.0,0.0,0.0,0.0,0.0,0.0,0.0,0.0,0.0,0.0,0.0,0.0,0.0,0.0,0.0,0.0,61.0
69cd306329cce59b64a178af,69cd306329cce59b64a178af,0.0,0.0,0.0,0.0,0.0,0.0,0.0,0.0,0.0,0.0,0.0,0.0,0.0,0.2,0.0,0.0,0.0,0.8,0.0,0.0,0.0,0.0,0.0,0.0,0.0,0.0,0.0,0.0,0.0,0.0,46.0,720.0,5.0,1,1,0.2,155.0,1.33,40.0,0.0,0.0,0.0,1.0,0.0,0.0,0.0,6.634126,0.0,0.0,0.0,0.0,0.0,0.0,0.0,0.0,0.0,0.0,0.0,0.0,0.0,0.0,0.0,0.0,0.0,0.0,0.0,0.0,0.0,0.0,0.0,0.0,279.0
69cd306429cce59b64a178b2,69cd306429cce59b64a178b2,0.0,0.0,0.0,0.0,0.0,0.0,0.0,0.0,0.0,0.0,0.0,0.0,0.0,0.1,0.0,0.0,0.0,0.9,0.0,0.0,0.0,0.0,0.0,0.0,0.0,0.0,0.0,0.0,0.0,0.0,47.5,710.0,5.0,1,1,0.1,155.0,1.33,40.0,0.0,0.0,0.0,1.0,0.0,0.0,0.0,6.634126,0.0,0.0,0.0,0.0,0.0,0.0,0.0,0.0,0.0,0.0,0.0,0.0,0.0,0.0,0.0,0.0,0.0,0.0,0.0,0.0,0.0,0.0,0.0,0.0,60.0
69cd306429cce59b64a178b2,69cd306429cce59b64a178b2,0.0,0.0,0.0,0.0,0.0,0.0,0.0,0.0,0.0,0.0,0.0,0.0,0.0,0.1,0.0,0.0,0.0,0.9,0.0,0.0,0.0,0.0,0.0,0.0,0.0,0.0,0.0,0.0,0.0,0.0,47.5,710.0,5.0,1,1,0.1,155.0,1.33,40.0,0.0,0.0,0.0,1.0,0.0,0.0,0.0,6.634126,0.0,0.0,0.0,0.0,0.0,0.0,0.0,0.0,0.0,0.0,0.0,0.0,0.0,0.0,0.0,0.0,0.0,0.0,0.0,0.0,0.0,0.0,0.0,0.0,237.0
69cd306529cce59b64a178b5,69cd306529cce59b64a178b5,0.0,0.0,0.0,0.0,0.0,0.0,0.0,0.0,0.0,0.0,0.0,0.0,0.0,0.0,0.0,0.0,0.0,1.0,0.0,0.0,0.0,0.0,0.0,0.0,0.0,0.0,0.0,0.0,0.0,0.0,46.5,540.0,5.0,1,0,0.0,0.0,0.0,0.0,0.0,0.0,0.0,0.0,0.0,0.0,0.0,0.0,0.0,0.0,0.0,0.0,0.0,0.0,0.0,0.0,0.0,0.0,0.0,0.0,0.0,0.0,0.0,0.0,0.0,0.0,0.0,0.0,0.0,0.0,0.0,0.0,60.0
69cd306529cce59b64a178b5,69cd306529cce59b64a178b5,0.0,0.0,0.0,0.0,0.0,0.0,0.0,0.0,0.0,0.0,0.0,0.0,0.0,0.0,0.0,0.0,0.0,1.0,0.0,0.0,0.0,0.0,0.0,0.0,0.0,0.0,0.0,0.0,0.0,0.0,46.5,540.0,5.0,1,0,0.0,0.0,0.0,0.0,0.0,0.0,0.0,0.0,0.0,0.0,0.0,0.0,0.0,0.0,0.0,0.0,0.0,0.0,0.0,0.0,0.0,0.0,0.0,0.0,0.0,0.0,0.0,0.0,0.0,0.0,0.0,0.0,0.0,0.0,0.0,0.0,199.0
69cd306529cce59b64a178b8,69cd306529cce59b64a178b8,0.0,0.0,0.0,0.0,0.0,0.0,0.0,0.0,0.05,0.0,0.0,0.0,0.0,0.0,0.0,0.0,0.0,0.95,0.0,0.0,0.0,0.0,0.0,0.0,0.0,0.0,0.0,0.0,0.0,0.0,48.0,650.0,0.5,1,1,0.05,135.0,1.9,29.0,0.0,1.0,0.0,0.0,0.0,0.0,0.0,7.72638,0.0,0.0,0.0,0.0,0.0,0.0,0.0,0.0,0.0,0.0,0.0,0.0,0.0,0.0,0.0,0.0,0.0,0.0,0.0,0.0,0.0,0.0,0.0,0.0,730.0
69cd306729cce59b64a178bc,69cd306729cce59b64a178bc,0.0,0.0,0.0,0.0,0.0,0.0,0.0,0.0,0.15,0.0,0.0,0.0,0.0,0.0,0.0,0.0,0.0,0.85,0.0,0.0,0.0,0.0,0.0,0.0,0.0,0.0,0.0,0.0,0.0,0.0,26.0,650.0,0.5,1,1,0.15,135.0,1.9,29.0,0.0,1.0,0.0,0.0,0.0,0.0,0.0,7.72638,0.0,0.0,0.0,0.0,0.0,0.0,0.0,0.0,0.0,0.0,0.0,0.0,0.0,0.0,0.0,0.0,0.0,0.0,0.0,0.0,0.0,0.0,0.0,0.0,1700.0
69cd319079554f6cd0a367e6,69cd319079554f6cd0a367e6,0.0,0.0,0.0,0.0,0.0,0.0,0.0,0.0,0.0,0.0,0.0,0.0,0.0,0.4,0.0,0.0,0.0,0.6,0.0,0.0,0.0,0.0,0.0,0.0,0.0,0.0,0.0,0.0,0.0,0.0,50.743,500.0,4.897478354978356,1,1,0.4,155.0,1.33,40.0,0.0,0.0,0.0,1.0,0.0,0.0,0.0,6.634126,0.0,0.0,0.0,0.0,0.0,0.0,0.0,0.0,0.0,0.0,0.0,0.0,0.0,0.0,0.0,0.0,0.0,0.0,0.0,0.0,0.0,0.0,0.0,0.0,1156.0
69cd319179554f6cd0a367e8,69cd319179554f6cd0a367e8,0.0,0.0,0.0,0.0,0.0,0.0,0.0,0.0,0.0,0.0,0.0,0.0,0.0,0.0,0.0,0.0,0.0,0.95,0.0,0.0,0.0,0.0,0.0,0.0,0.0,0.0,0.0,0.05,0.0,0.0,86.376,500.0,2.0,1,1,0.05,155.0,1.3,72.0,0.0,0.0,0.0,1.0,0.0,0.0,0.0,6.82507,0.0,0.0,0.0,0.0,0.0,0.0,0.0,0.0,0.0,0.0,0.0,0.0,0.0,0.0,0.0,0.0,0.0,0.0,0.0,0.0,0.0,0.0,0.0,0.0,806.0
69cd319279554f6cd0a367eb,69cd319279554f6cd0a367eb,0.0,0.0,0.0,0.0,0.0,0.0,0.0,0.0,0.45,0.0,0.0,0.0,0.0,0.0,0.0,0.0,0.0,0.55,0.0,0.0,0.0,0.0,0.0,0.0,0.0,0.0,0.0,0.0,0.0,0.0,16.0,650.0,0.5,1,1,0.45,135.0,1.9,29.0,0.0,1.0,0.0,0.0,0.0,0.0,0.0,7.72638,0.0,0.0,0.0,0.0,0.0,0.0,0.0,0.0,0.0,0.0,0.0,0.0,0.0,0.0,0.0,0.0,0.0,0.0,0.0,0.0,0.0,0.0,0.0,0.0,5790.0
